	13414.38.hg	13414.10.hg	13414.25.hg	13414.31.hg	13414.3.hg	13414.100.hg	13414.2.hg	13414.33.hg	13414.17.hg	13414.16.hg	13414.27.hg	13414.46.hg	13414.22.hg	13414.102.hg	13414.14.hg	13414.49.hg	13414.103.hg	13414.40.hg	13414.15.hg	13414.39.hg	13414.11.hg	13414.32.hg	13414.34.hg	13414.47.hg	13414.37.hg	13414.42.hg	13414.30.hg	13414.29.hg	13414.12.hg	13414.13.hg	13414.26.hg	13414.28.hg	13414.4.hg	13414.19.hg	13414.67.hg	13414.61.hg	13414.66.hg	13414.6.hg	13414.51.hg	13414.7.hg	13414.86.hg	13414.43.hg	13414.36.hg	13414.68.hg	13414.62.hg	13414.55.hg	13414.60.hg	13414.84.hg	13414.69.hg	13414.54.hg	13414.65.hg	13414.59.hg	13414.5.hg	13414.79.hg	13414.53.hg	13414.85.hg	13414.71.hg	13414.63.hg	13414.9.hg	13414.82.hg	13414.81.hg	13414.52.hg	13414.77.hg	13414.99.hg	13414.88.hg	13414.90.hg	13414.83.hg	13414.95.hg	13414.91.hg	13414.92.hg	13414.93.hg	13414.74.hg	13414.96.hg	13414.75.hg	13414.101.hg	13414.20.hg	13414.45.hg	13414.72.hg	13414.58.hg	13414.80.hg	13414.50.hg
13414.38.hg	0	0.849645101	0.911747046	0.915945358	0.860913848	0.915201524	0.847915401	0.895194178	0.820021284	0.861096571	0.752245275	0.874963908	0.85332808	0.95739367	0.864435581	0.904052425	0.871490926	0.845455426	0.916886736	0.945126009	0.830643348	0.893497852	0.900884181	0.913821018	0.853833621	0.900033964	0.867524966	0.836433689	0.881226384	0.813858968	0.872705257	0.8211899	0.865924054	0.886167853	0.925470698	0.874467386	0.877407689	0.759351737	0.926832427	0.862601873	0.847110657	0.84984684	0.844318938	0.884288323	0.884417875	0.927586273	0.898962342	0.883906995	0.915317549	0.91599921	0.903435244	0.875829396	0.840178871	0.885863433	0.857690036	0.911071074	0.852207424	0.849144541	0.888519165	0.869490742	0.847923969	0.845796631	0.886088678	0.900552377	0.829771161	0.889004404	0.902055332	0.88271528	0.88287236	0.914759844	0.938550708	0.894950502	0.893434992	0.870177071	0.912156501	0.849538069	0.879734002	0.878082748	0.876721227	0.909863472	0.909026032
13414.10.hg	0.849645101	0	0.871659825	0.883206602	0.847849573	0.892288518	0.885947371	0.9043613	0.816518583	0.892164757	0.886186507	0.8860208	0.864459799	0.919339789	0.900065249	0.849507095	0.892163774	0.842933178	0.903341087	0.910807784	0.882467491	0.880699984	0.885184232	0.891976394	0.889392437	0.84943207	0.918632041	0.862669005	0.907516924	0.853213262	0.864859745	0.851039388	0.862876159	0.885626377	0.895378125	0.878902994	0.909565017	0.853851715	0.914916533	0.871937642	0.8457556	0.895186937	0.908241647	0.860364691	0.873460329	0.944798492	0.879091372	0.860350747	0.948923751	0.886155296	0.927640555	0.892297389	0.849826334	0.874766398	0.890828685	0.935656062	0.877210558	0.895157122	0.839388851	0.918792443	0.871203754	0.880796793	0.87622676	0.922895722	0.86257826	0.880436782	0.896323489	0.882233566	0.847869111	0.88747158	0.924265786	0.918216145	0.900787704	0.890541855	0.876403079	0.867781344	0.860088165	0.884008438	0.882357827	0.929233633	0.930239805
13414.25.hg	0.911747046	0.871659825	0	0.832249557	0.810100872	0.796809105	0.891620024	0.829775812	0.864954184	0.887978944	0.913310497	0.902786983	0.897320796	0.848666886	0.872366607	0.885095777	0.870757021	0.856895734	0.767161763	0.83103493	0.918683691	0.845812129	0.810753806	0.833962966	0.856097841	0.79641643	0.926232476	0.828386152	0.879540404	0.897543479	0.812821617	0.812928184	0.844576275	0.88342022	0.814613841	0.809143056	0.915323176	0.847592798	0.856485664	0.846162951	0.768216726	0.888655979	0.890223855	0.843660878	0.89445424	0.92925595	0.861286505	0.800723555	0.953898039	0.833172206	0.917543925	0.824551937	0.857386169	0.851376756	0.828971206	0.936593013	0.881184565	0.883323146	0.793963612	0.920320826	0.809080635	0.844130537	0.819169689	0.913830796	0.872869095	0.881635241	0.810588541	0.865193147	0.81619532	0.800024558	0.917977174	0.901829048	0.871094592	0.871305077	0.832256407	0.845175505	0.845082747	0.881168432	0.880533587	0.902557209	0.934869056
13414.31.hg	0.915945358	0.883206602	0.832249557	0	0.835302153	0.87935354	0.912388135	0.902046875	0.883891395	0.911369922	0.917941681	0.928377456	0.926548588	0.909643461	0.920790964	0.916978219	0.902301064	0.877186396	0.837329192	0.877510788	0.939313815	0.888947004	0.861612855	0.78483457	0.877291514	0.84337102	0.950177539	0.836647314	0.929995145	0.903158217	0.864850592	0.85791351	0.873012389	0.882400981	0.798079932	0.874714674	0.938002239	0.860768231	0.855250202	0.871739547	0.765885563	0.92165284	0.935710963	0.865559801	0.913819253	0.936511908	0.87370072	0.87392128	0.971081084	0.874925557	0.948226184	0.848999154	0.87574523	0.83890574	0.905324428	0.948381818	0.922724937	0.89893248	0.817814291	0.941866515	0.835815664	0.888481923	0.890276534	0.940836411	0.890232816	0.865788986	0.852270026	0.860013307	0.832951737	0.850870668	0.93395256	0.929932371	0.895082573	0.905073425	0.88413867	0.825115992	0.809681694	0.880570231	0.89545289	0.914248623	0.952642332
13414.3.hg	0.860913848	0.847849573	0.810100872	0.835302153	0	0.813018279	0.871011592	0.878621728	0.803210386	0.882503065	0.869271773	0.913355162	0.887567567	0.830195169	0.880281092	0.825058365	0.849520175	0.855143917	0.826384214	0.891200372	0.910324931	0.845604676	0.798610657	0.842838272	0.841310535	0.749251589	0.912969358	0.741693351	0.870146828	0.850795311	0.826760864	0.734707204	0.724996747	0.810116655	0.856316285	0.864703732	0.913728669	0.7655964	0.872807326	0.859137426	0.819148039	0.868131079	0.883703606	0.803452457	0.867975677	0.926592275	0.862678564	0.818838268	0.951914112	0.837172025	0.916710043	0.849029203	0.740569835	0.801483716	0.833236041	0.926571942	0.857234571	0.864222069	0.795551257	0.920931563	0.860723827	0.829399179	0.815728132	0.917605122	0.856379776	0.871960435	0.837458727	0.839610623	0.809382953	0.757610894	0.926233351	0.896489186	0.875931912	0.877713748	0.836344063	0.814102015	0.833076044	0.853214002	0.865499942	0.898112082	0.921856814
13414.100.hg	0.915201524	0.892288518	0.796809105	0.87935354	0.813018279	0	0.901258331	0.861500709	0.86538291	0.915906168	0.922298626	0.923521446	0.929122547	0.885782745	0.920124211	0.902963437	0.851081313	0.898469038	0.810118823	0.911440951	0.920499699	0.862997436	0.760661355	0.881559445	0.90837185	0.798953093	0.944422553	0.862914992	0.906946484	0.897160813	0.84457963	0.864642132	0.869356886	0.889136025	0.844692973	0.87689494	0.935479574	0.889137621	0.867211334	0.891353506	0.83010097	0.899478171	0.918031809	0.825924271	0.895431783	0.945760964	0.88866363	0.81897532	0.966343388	0.87690972	0.927051608	0.886004787	0.883667068	0.853129514	0.872725687	0.949932075	0.906593251	0.9020347	0.817878947	0.928734695	0.879626683	0.869147605	0.831852742	0.903510424	0.885149068	0.897090313	0.826440842	0.86177467	0.800049646	0.819003926	0.91533438	0.896226504	0.852819725	0.889775009	0.844775477	0.836910036	0.884881445	0.860755237	0.870283935	0.917364158	0.940530112
13414.2.hg	0.847915401	0.885947371	0.891620024	0.912388135	0.871011592	0.901258331	0	0.887956059	0.891787762	0.851100699	0.821903131	0.840250146	0.839316436	0.95576697	0.821037351	0.911581924	0.844969276	0.824262573	0.907127004	0.935559507	0.82092752	0.860402783	0.893360156	0.909761076	0.843220464	0.880374025	0.833048953	0.862390307	0.833196102	0.812411223	0.852844744	0.849268401	0.887455698	0.882186263	0.920056011	0.836818231	0.831717619	0.7933162	0.911883472	0.811801321	0.856661994	0.797014399	0.792006683	0.866256557	0.869558323	0.920798456	0.89813258	0.874813511	0.882671152	0.901647721	0.845316164	0.867071715	0.835896028	0.864228137	0.79277884	0.860144481	0.821609502	0.854142888	0.877618028	0.831261946	0.85667649	0.819881433	0.867367787	0.866807588	0.817790527	0.873005427	0.887785877	0.844221222	0.88878419	0.902872883	0.926958683	0.859292583	0.862957618	0.830519507	0.8911586	0.837816308	0.86772172	0.891177002	0.851486948	0.893919884	0.874141882
13414.33.hg	0.895194178	0.9043613	0.829775812	0.902046875	0.878621728	0.861500709	0.887956059	0	0.888249543	0.89025991	0.901177567	0.897739488	0.897128467	0.917683299	0.890870525	0.905974467	0.899115061	0.865266605	0.863361366	0.934882402	0.90544796	0.89699501	0.808397511	0.910015315	0.886366687	0.865839484	0.918713926	0.881334908	0.897344268	0.894421658	0.890969811	0.858800581	0.898086734	0.908469995	0.877890744	0.852141979	0.921840135	0.881173769	0.896273276	0.889889742	0.858608562	0.894679069	0.894843029	0.89139248	0.880258797	0.941535964	0.8803018	0.872743224	0.944863421	0.8974164	0.92176398	0.868836896	0.871619928	0.862286024	0.873262227	0.940390013	0.881443579	0.899230356	0.886978371	0.915431452	0.885354735	0.880561889	0.881716377	0.916188945	0.874984072	0.902362428	0.864860992	0.888762393	0.881065867	0.859123979	0.927001766	0.895831694	0.891011792	0.883264934	0.908275494	0.881559462	0.895326725	0.887627939	0.886955647	0.921826385	0.932999521
13414.17.hg	0.820021284	0.816518583	0.864954184	0.883891395	0.803210386	0.86538291	0.891787762	0.888249543	0	0.901973472	0.834195859	0.909804718	0.872442846	0.90485563	0.900619852	0.861711561	0.871644155	0.865211476	0.862121307	0.939072816	0.876782077	0.879550239	0.845360474	0.901890743	0.901878803	0.852438858	0.920169111	0.803268278	0.892721505	0.870242553	0.865472844	0.819626682	0.862812886	0.903470209	0.900232209	0.883997692	0.927662101	0.807095498	0.928320789	0.887022348	0.859179877	0.886083999	0.892991017	0.885856773	0.861149484	0.946102038	0.877633801	0.865121147	0.94629286	0.833107975	0.923993138	0.896499762	0.836914683	0.835679511	0.887234247	0.939062401	0.886511941	0.905474746	0.841908946	0.916443096	0.881511166	0.86743316	0.842275503	0.917158986	0.87138961	0.890238598	0.856998901	0.876620331	0.839480474	0.863050141	0.925920032	0.918451217	0.890582881	0.903830572	0.875727345	0.870728075	0.85259426	0.88453825	0.892889963	0.931630722	0.934988555
13414.16.hg	0.861096571	0.892164757	0.887978944	0.911369922	0.882503065	0.915906168	0.851100699	0.89025991	0.901973472	0	0.86355065	0.862999629	0.835967383	0.948270268	0.83510419	0.92557957	0.85684371	0.827531826	0.925129764	0.942319153	0.856703096	0.883812988	0.88919815	0.912380135	0.841030923	0.889385828	0.869708822	0.883566767	0.825807747	0.824642503	0.872472911	0.870603765	0.888352173	0.857008171	0.911037138	0.835054588	0.865346631	0.828822054	0.927903828	0.838828896	0.859690667	0.800631433	0.812714197	0.871393382	0.877774305	0.914206448	0.911978431	0.894932245	0.888801779	0.88919088	0.879635431	0.851561366	0.846886253	0.875198857	0.833869835	0.874592667	0.818580723	0.872207091	0.885053519	0.845504413	0.860380239	0.828151067	0.869275753	0.871504752	0.827504295	0.860473875	0.902382859	0.857872376	0.896224693	0.903454737	0.930074145	0.870053706	0.868029779	0.857960078	0.896940475	0.858462649	0.867413539	0.886964587	0.868696362	0.895605359	0.87412054
13414.27.hg	0.752245275	0.886186507	0.913310497	0.917941681	0.869271773	0.922298626	0.821903131	0.901177567	0.834195859	0.86355065	0	0.872088825	0.84907292	0.962816172	0.851562359	0.914589819	0.876587136	0.850861628	0.908195565	0.962125318	0.839901386	0.889660485	0.899214419	0.934221558	0.843991307	0.909585822	0.843578229	0.854490162	0.872562496	0.793977001	0.884204213	0.80767732	0.876676514	0.894293249	0.934403407	0.87611934	0.870140015	0.78797331	0.931118517	0.81448896	0.862925852	0.820803338	0.822901324	0.896798456	0.885815797	0.924070544	0.914575083	0.895571601	0.902692164	0.889872161	0.888433346	0.889333416	0.849639811	0.873784111	0.828865501	0.897774349	0.860078063	0.885750682	0.911443661	0.861920424	0.860236553	0.833448979	0.880687068	0.887228062	0.829764526	0.898084924	0.904238843	0.867068136	0.905253491	0.909272192	0.937572785	0.89300682	0.899796375	0.8731133	0.905349246	0.854742726	0.900816617	0.901014896	0.875028305	0.917695667	0.900064614
13414.46.hg	0.874963908	0.8860208	0.902786983	0.928377456	0.913355162	0.923521446	0.840250146	0.897739488	0.909804718	0.862999629	0.872088825	0	0.846982522	0.95034866	0.796462411	0.896361023	0.865697098	0.834658251	0.869237574	0.947166883	0.819923065	0.875235755	0.907543626	0.940390833	0.865807419	0.923003435	0.822427553	0.90563875	0.846368948	0.844158513	0.853458389	0.884358114	0.907175244	0.914169325	0.920919008	0.865885894	0.833398533	0.854927686	0.914752949	0.845277164	0.892389425	0.780482505	0.795029415	0.913513527	0.822692553	0.935774783	0.890188247	0.892156772	0.885245648	0.911955616	0.840146339	0.849374271	0.879800545	0.885184968	0.835913076	0.860930882	0.819546071	0.818985309	0.902442765	0.818191143	0.887295883	0.833979852	0.893915877	0.86194596	0.851168077	0.906679751	0.896209062	0.884397494	0.917090533	0.90200572	0.93971807	0.815664734	0.868953287	0.830450144	0.906953851	0.877737706	0.899872214	0.893048061	0.869585505	0.926669435	0.882597865
13414.22.hg	0.85332808	0.864459799	0.897320796	0.926548588	0.887567567	0.929122547	0.839316436	0.897128467	0.872442846	0.835967383	0.84907292	0.846982522	0	0.949207016	0.836266498	0.888107078	0.863547104	0.818144697	0.922624867	0.954938972	0.806409001	0.885990093	0.901624697	0.922964239	0.864118149	0.879459888	0.842548958	0.873388549	0.840284718	0.794809498	0.870461246	0.854841595	0.878680295	0.869471398	0.918962148	0.849830734	0.864889641	0.839177412	0.932247588	0.845774838	0.860615751	0.819326368	0.810640669	0.871717086	0.875549689	0.922361006	0.901458349	0.885200105	0.891081975	0.902564071	0.877937905	0.882221485	0.848171016	0.876534651	0.829050312	0.883196067	0.816501221	0.874773888	0.880784947	0.858711013	0.867133416	0.816080467	0.881585105	0.885874723	0.836781461	0.872426548	0.883498105	0.856129071	0.891296549	0.894824234	0.930143142	0.870640468	0.854583467	0.857614412	0.898945082	0.87712945	0.885747854	0.881361249	0.846299198	0.912774343	0.887391062
13414.102.hg	0.95739367	0.919339789	0.848666886	0.909643461	0.830195169	0.885782745	0.95576697	0.917683299	0.90485563	0.948270268	0.962816172	0.95034866	0.949207016	0	0.937870072	0.831433365	0.893559903	0.927465098	0.843517543	0.834380385	0.959649641	0.909913417	0.878329675	0.897931022	0.91722486	0.823313329	0.966629882	0.923019037	0.920261086	0.930744484	0.916634139	0.916802867	0.856277579	0.892674201	0.863717996	0.902780586	0.957648368	0.912189241	0.887162441	0.931442503	0.863652336	0.948031387	0.942445268	0.880863007	0.926519329	0.953410642	0.890785353	0.904019949	0.97825076	0.867138044	0.952156428	0.895190278	0.874387626	0.917092305	0.938474798	0.967699608	0.924231461	0.945500577	0.86580514	0.956972567	0.908594777	0.935562545	0.90212176	0.963165036	0.930984732	0.922130341	0.893517669	0.89534459	0.836831375	0.772162231	0.937895474	0.954509477	0.936586583	0.944602304	0.899422508	0.897131988	0.868209801	0.895967131	0.928078399	0.930518925	0.960955351
13414.14.hg	0.864435581	0.900065249	0.872366607	0.920790964	0.880281092	0.920124211	0.821037351	0.890870525	0.900619852	0.83510419	0.851562359	0.796462411	0.836266498	0.937870072	0	0.91452592	0.848599262	0.806255003	0.876566877	0.949452123	0.814525365	0.869337851	0.896367707	0.927330371	0.807286143	0.877647393	0.803987948	0.856128536	0.810961157	0.802526713	0.842760291	0.844388487	0.868379993	0.891280071	0.916325368	0.821241257	0.838939598	0.801421046	0.917972907	0.798188158	0.851468737	0.766314462	0.760275147	0.882737075	0.851837472	0.924267726	0.894872358	0.878895102	0.87369262	0.910828406	0.835799443	0.823474412	0.821173245	0.841926207	0.761205769	0.863498525	0.793990179	0.827568504	0.891950956	0.796502293	0.864146147	0.788119254	0.840740166	0.840248329	0.822246724	0.895533145	0.886167941	0.856100275	0.887760533	0.886007286	0.935162036	0.816832155	0.852876621	0.832348417	0.880334044	0.856970163	0.891894121	0.883809762	0.841423004	0.916910033	0.87004702
13414.49.hg	0.904052425	0.849507095	0.885095777	0.916978219	0.825058365	0.902963437	0.911581924	0.905974467	0.861711561	0.92557957	0.914589819	0.896361023	0.888107078	0.831433365	0.91452592	0	0.893604966	0.879753744	0.879880621	0.8950111	0.898827813	0.906874833	0.90368726	0.926095802	0.884800307	0.824413745	0.928160019	0.914545407	0.906402672	0.868914778	0.909406226	0.91074096	0.89255801	0.880293415	0.870931311	0.915146886	0.935774209	0.900961588	0.88317192	0.906242248	0.900018686	0.913692001	0.905849286	0.850191296	0.875226325	0.941395262	0.898494394	0.90748416	0.962602137	0.874069402	0.939453043	0.87964262	0.880945608	0.888418783	0.913586949	0.947535079	0.897330137	0.932456665	0.877091208	0.9413272	0.867745352	0.896163991	0.866610063	0.92928022	0.907292297	0.906505939	0.90776472	0.881723159	0.895188611	0.815581945	0.939098917	0.930582482	0.930111509	0.922372749	0.891005103	0.889888052	0.859874978	0.879380059	0.902200373	0.921600503	0.937776917
13414.103.hg	0.871490926	0.892163774	0.870757021	0.902301064	0.849520175	0.851081313	0.844969276	0.899115061	0.871644155	0.85684371	0.876587136	0.865697098	0.863547104	0.893559903	0.848599262	0.893604966	0	0.84269567	0.886926204	0.925081859	0.845760464	0.854326553	0.837786052	0.898468939	0.85481286	0.811696045	0.882052794	0.865999204	0.81008187	0.846486493	0.813470642	0.84880953	0.848847677	0.86986094	0.898966795	0.849916917	0.866649764	0.829429214	0.890385933	0.83645654	0.823357723	0.836463566	0.824299656	0.78914698	0.847073112	0.91645089	0.870336701	0.851577838	0.904002783	0.879365621	0.851512189	0.857734256	0.830892771	0.849912204	0.840152311	0.867145799	0.81302556	0.84198477	0.833889885	0.836088593	0.842126184	0.823625929	0.837351848	0.828911642	0.858135682	0.845231309	0.838128798	0.77737345	0.812011215	0.849877448	0.903589363	0.86087528	0.756189742	0.823809344	0.831098076	0.787361929	0.838818872	0.795652281	0.748641999	0.895069105	0.834401048
13414.40.hg	0.845455426	0.842933178	0.856895734	0.877186396	0.855143917	0.898469038	0.824262573	0.865266605	0.865211476	0.827531826	0.850861628	0.834658251	0.818144697	0.927465098	0.806255003	0.879753744	0.84269567	0	0.879150755	0.922935453	0.833619709	0.84782903	0.863039135	0.889639211	0.832875359	0.842266787	0.843425323	0.815993848	0.827988686	0.798864368	0.836419249	0.794051591	0.817308564	0.837403059	0.873339035	0.813260213	0.863712398	0.775789136	0.906482783	0.797174866	0.800170317	0.804067779	0.804642305	0.844712858	0.850201495	0.912083831	0.859117735	0.844142128	0.914383958	0.873440912	0.873891794	0.821632759	0.812948767	0.808663737	0.819746573	0.890954802	0.799468398	0.829524415	0.850035218	0.856648903	0.807007289	0.787292042	0.854619521	0.868383315	0.813218843	0.845039221	0.823509798	0.832706963	0.847170607	0.865484596	0.91933897	0.847757825	0.845120117	0.832284189	0.876960585	0.828338472	0.843305407	0.861092425	0.831267874	0.896567602	0.900793034
13414.15.hg	0.916886736	0.903341087	0.767161763	0.837329192	0.826384214	0.810118823	0.907127004	0.863361366	0.862121307	0.925129764	0.908195565	0.869237574	0.922624867	0.843517543	0.876566877	0.879880621	0.886926204	0.879150755	0	0.887346362	0.905329778	0.869492674	0.847417199	0.885974906	0.898230694	0.859005061	0.935683936	0.86731038	0.894413929	0.896369069	0.870452184	0.831266597	0.853585212	0.918336886	0.756716664	0.867249585	0.93450967	0.837710584	0.854428052	0.877182091	0.822728134	0.895642854	0.901095907	0.898713933	0.878801458	0.944916322	0.833226233	0.830920252	0.965794335	0.83963149	0.932595388	0.794382528	0.876304184	0.831363362	0.858105874	0.951527478	0.89816729	0.886389769	0.838815091	0.921512414	0.845747691	0.836041641	0.827950233	0.916308425	0.87245925	0.912028229	0.823616884	0.896827022	0.822246903	0.766276234	0.925342886	0.88926692	0.894863913	0.899879462	0.894798179	0.874818402	0.884182466	0.909117152	0.898795022	0.925980536	0.953180243
13414.39.hg	0.945126009	0.910807784	0.83103493	0.877510788	0.891200372	0.911440951	0.935559507	0.934882402	0.939072816	0.942319153	0.962125318	0.947166883	0.954938972	0.834380385	0.949452123	0.8950111	0.925081859	0.922935453	0.887346362	0	0.966821079	0.907119697	0.904025193	0.866938619	0.909729792	0.881839992	0.971493539	0.917756287	0.950032892	0.949167123	0.904124022	0.921164293	0.905384227	0.911138245	0.810127781	0.896816866	0.958247427	0.905868499	0.833055061	0.922820794	0.852151832	0.935917603	0.954002957	0.879802085	0.921587912	0.960201175	0.915122412	0.894854836	0.983318287	0.891023945	0.96722778	0.881748468	0.914667127	0.921586677	0.919926561	0.968523474	0.938936459	0.930591277	0.83116507	0.969010469	0.871432354	0.936144968	0.890378698	0.963629492	0.912685864	0.915983049	0.88896997	0.905830073	0.857350413	0.885750207	0.962081196	0.953768162	0.943280976	0.923464246	0.910097516	0.888293105	0.85140524	0.936213853	0.925755578	0.923690044	0.967183156
13414.11.hg	0.830643348	0.882467491	0.918683691	0.939313815	0.910324931	0.920499699	0.82092752	0.90544796	0.876782077	0.856703096	0.839901386	0.819923065	0.806409001	0.959649641	0.814525365	0.898827813	0.845760464	0.833619709	0.905329778	0.966821079	0	0.891280766	0.910010477	0.952475929	0.889721284	0.895079399	0.813153978	0.894260653	0.814806582	0.796679839	0.885318154	0.875064082	0.904373849	0.910959259	0.941850261	0.874380145	0.868613919	0.837017918	0.927554883	0.861939043	0.881426629	0.833935564	0.801090877	0.884926867	0.859341525	0.933854856	0.915995859	0.905870349	0.885329103	0.909587349	0.8764299	0.868963116	0.872034279	0.880633775	0.827616566	0.884892431	0.83447415	0.869887388	0.907776771	0.844523022	0.890346337	0.816938792	0.87479785	0.845696476	0.845033542	0.909272875	0.903824892	0.879543465	0.901023298	0.903884294	0.933575215	0.874481363	0.851920485	0.865717565	0.898284605	0.882959686	0.905313242	0.874648409	0.847106593	0.931342565	0.887897481
13414.32.hg	0.893497852	0.880699984	0.845812129	0.888947004	0.845604676	0.862997436	0.860402783	0.89699501	0.879550239	0.883812988	0.889660485	0.875235755	0.885990093	0.909913417	0.869337851	0.906874833	0.854326553	0.84782903	0.869492674	0.907119697	0.891280766	0	0.845991342	0.893596435	0.826309018	0.852119516	0.900711617	0.857930109	0.882808136	0.859265694	0.835954984	0.847697382	0.83320634	0.834010723	0.878817627	0.866570651	0.90953029	0.836083395	0.912721644	0.844949571	0.841182515	0.855907622	0.862327547	0.834221465	0.868246726	0.889389191	0.883903105	0.870208309	0.935987029	0.877774147	0.905941361	0.856948415	0.830735501	0.872695304	0.845805569	0.919522447	0.84266238	0.879023268	0.832955994	0.885547102	0.848445654	0.84388419	0.859184009	0.896574244	0.854177053	0.865136984	0.848575982	0.87012334	0.84591587	0.875148621	0.901624094	0.884727905	0.85502981	0.874286114	0.849386076	0.818247087	0.806154196	0.848502518	0.85401602	0.856369394	0.916411926
13414.34.hg	0.900884181	0.885184232	0.810753806	0.861612855	0.798610657	0.760661355	0.893360156	0.808397511	0.845360474	0.88919815	0.899214419	0.907543626	0.901624697	0.878329675	0.896367707	0.90368726	0.837786052	0.863039135	0.847417199	0.904025193	0.910010477	0.845991342	0	0.878601912	0.888318658	0.816776986	0.926552448	0.828342994	0.873855385	0.885421848	0.825106597	0.828630664	0.838551208	0.872227664	0.807485397	0.851187985	0.927196003	0.845563781	0.866909361	0.877356672	0.808306811	0.884059623	0.893771475	0.85136867	0.879437726	0.943173265	0.869789659	0.826313703	0.956813993	0.860982142	0.913643106	0.858894238	0.854099168	0.80999994	0.854792739	0.935696739	0.875509296	0.893259445	0.79618202	0.912130315	0.885311526	0.842387599	0.837841062	0.906527026	0.873277085	0.883601545	0.818564709	0.869895403	0.798816952	0.83756595	0.932710514	0.896247204	0.867889508	0.875641251	0.869610368	0.816074123	0.862545706	0.852438137	0.866770908	0.911441406	0.9286933
13414.47.hg	0.913821018	0.891976394	0.833962966	0.78483457	0.842838272	0.881559445	0.909761076	0.910015315	0.901890743	0.912380135	0.934221558	0.940390833	0.922964239	0.897931022	0.927330371	0.926095802	0.898468939	0.889639211	0.885974906	0.866938619	0.952475929	0.893596435	0.878601912	0	0.858722973	0.845501519	0.949542343	0.881847752	0.931811821	0.921031165	0.88369745	0.886283532	0.890109435	0.855376707	0.788991172	0.89838785	0.933020679	0.868287277	0.87907887	0.89687665	0.800675632	0.919980838	0.926518832	0.825937918	0.922185076	0.915116644	0.891496664	0.844633436	0.967376531	0.90650352	0.941718242	0.850369358	0.889297936	0.904130946	0.897281954	0.945089314	0.923167545	0.91622632	0.848326499	0.944374866	0.825575934	0.907335307	0.909101245	0.947698981	0.902052978	0.843488201	0.855330664	0.842908075	0.815438447	0.857180462	0.928825208	0.928611147	0.885700283	0.891508522	0.895814935	0.834961302	0.789082231	0.869483527	0.887780105	0.880833013	0.939820248
13414.37.hg	0.853833621	0.889392437	0.856097841	0.877291514	0.841310535	0.90837185	0.843220464	0.886366687	0.901878803	0.841030923	0.843991307	0.865807419	0.864118149	0.91722486	0.807286143	0.884800307	0.85481286	0.832875359	0.898230694	0.909729792	0.889721284	0.826309018	0.888318658	0.858722973	0	0.841789757	0.859510022	0.84188073	0.836683946	0.813972543	0.864482305	0.840502438	0.870301169	0.755018164	0.902390463	0.826761421	0.864176963	0.805006677	0.888432084	0.73656108	0.802407393	0.782383388	0.79498402	0.812177797	0.888151468	0.871527945	0.883687763	0.878995804	0.913831487	0.867050296	0.897855407	0.826085788	0.812447133	0.8503283	0.792616997	0.892905848	0.841746447	0.885048927	0.857436113	0.860642745	0.792507754	0.821659014	0.864318461	0.894546459	0.811748841	0.808381187	0.85783973	0.802372721	0.870131542	0.843969615	0.908188892	0.881276435	0.882384287	0.829337401	0.870029353	0.780566798	0.777493127	0.840842593	0.842924219	0.839041232	0.892887131
13414.42.hg	0.900033964	0.84943207	0.79641643	0.84337102	0.749251589	0.798953093	0.880374025	0.865839484	0.852438858	0.889385828	0.909585822	0.923003435	0.879459888	0.823313329	0.877647393	0.824413745	0.811696045	0.842266787	0.859005061	0.881839992	0.895079399	0.852119516	0.816776986	0.845501519	0.841789757	0	0.927761095	0.841853322	0.875107315	0.869017227	0.839672909	0.845723742	0.8154847	0.83414735	0.80353876	0.856133006	0.919726163	0.853876749	0.84795299	0.838851753	0.782061304	0.880732803	0.883720382	0.739190239	0.853552577	0.932349211	0.857156955	0.838333821	0.947070714	0.848534155	0.916384295	0.832970511	0.814964317	0.833752535	0.863386315	0.931077052	0.866676127	0.893455466	0.795252065	0.930314235	0.841065517	0.855543532	0.805881705	0.911482118	0.876737675	0.86720788	0.826482643	0.822487661	0.764483666	0.715771745	0.908155016	0.915597353	0.848781838	0.8765699	0.824080457	0.830247501	0.792549089	0.826370036	0.837347166	0.902404166	0.905285507
13414.30.hg	0.867524966	0.918632041	0.926232476	0.950177539	0.912969358	0.944422553	0.833048953	0.918713926	0.920169111	0.869708822	0.843578229	0.822427553	0.842548958	0.966629882	0.803987948	0.928160019	0.882052794	0.843425323	0.935683936	0.971493539	0.813153978	0.900711617	0.926552448	0.949542343	0.859510022	0.927761095	0	0.902750663	0.840374018	0.825016584	0.883166616	0.886976449	0.900872949	0.90719074	0.956792217	0.892557044	0.826256457	0.847762521	0.9459125	0.855781983	0.899283582	0.805176518	0.795470593	0.911199085	0.885703228	0.937022313	0.92878712	0.916740326	0.856931062	0.92834937	0.831489815	0.913143257	0.866936158	0.898677967	0.831566787	0.840308271	0.836158748	0.857766591	0.919574945	0.795734055	0.894703743	0.833750837	0.898863492	0.86739951	0.855346243	0.916845215	0.922728449	0.892977104	0.930357834	0.924681855	0.949250012	0.837699625	0.894075301	0.834541961	0.917953458	0.885006715	0.916840772	0.908014279	0.881878792	0.927543904	0.885582803
13414.29.hg	0.836433689	0.862669005	0.828386152	0.836647314	0.741693351	0.862914992	0.862390307	0.881334908	0.803268278	0.883566767	0.854490162	0.90563875	0.873388549	0.923019037	0.856128536	0.914545407	0.865999204	0.815993848	0.86731038	0.917756287	0.894260653	0.857930109	0.828342994	0.881847752	0.84188073	0.841853322	0.902750663	0	0.864004047	0.855373925	0.81501428	0.642850107	0.76567092	0.873436499	0.885354503	0.831607293	0.900588029	0.705157438	0.881569709	0.803287829	0.765694024	0.855064271	0.886427105	0.857776279	0.876509433	0.932214453	0.82785054	0.825309821	0.941624691	0.885254961	0.910984956	0.850112552	0.725725546	0.801963331	0.81031526	0.920260567	0.873723883	0.841937645	0.803351313	0.888651901	0.824112029	0.808268631	0.840292838	0.905143319	0.846930776	0.88083316	0.839893659	0.866453885	0.802597087	0.838442156	0.921231161	0.895519684	0.874692034	0.870411017	0.859899615	0.827837149	0.864650485	0.8745642	0.862401382	0.902161144	0.928298723
13414.12.hg	0.881226384	0.907516924	0.879540404	0.929995145	0.870146828	0.906946484	0.833196102	0.897344268	0.892721505	0.825807747	0.872562496	0.846368948	0.840284718	0.920261086	0.810961157	0.906402672	0.81008187	0.827988686	0.894413929	0.950032892	0.814806582	0.882808136	0.873855385	0.931811821	0.836683946	0.875107315	0.840374018	0.864004047	0	0.797478181	0.855097146	0.853917446	0.850349152	0.857029974	0.923213012	0.822606321	0.865835774	0.815611839	0.907397938	0.827981399	0.832183697	0.81908299	0.790762203	0.865264487	0.863356443	0.919143568	0.89172704	0.869950888	0.89073506	0.78749436	0.856945045	0.840333334	0.832040391	0.846928902	0.794411938	0.867371835	0.804760959	0.858649353	0.865052763	0.83845825	0.852775763	0.798355895	0.852341696	0.852448985	0.835755457	0.867552976	0.848103807	0.868004911	0.887506824	0.877206755	0.932442829	0.830139684	0.866296448	0.833183101	0.88830875	0.859415029	0.871907962	0.872091449	0.848432204	0.907340354	0.880879156
13414.13.hg	0.813858968	0.853213262	0.897543479	0.903158217	0.850795311	0.897160813	0.812411223	0.894421658	0.870242553	0.824642503	0.793977001	0.844158513	0.794809498	0.930744484	0.802526713	0.868914778	0.846486493	0.798864368	0.896369069	0.949167123	0.796679839	0.859265694	0.885421848	0.921031165	0.813972543	0.869017227	0.825016584	0.855373925	0.797478181	0	0.864812712	0.826303914	0.835362542	0.863452657	0.913998039	0.823663916	0.860660678	0.778105035	0.916962508	0.796109311	0.837648446	0.772084212	0.798217118	0.859712353	0.882261244	0.903645726	0.897561055	0.872249276	0.900018002	0.847184679	0.881983586	0.848960497	0.810768922	0.852514967	0.787745547	0.894181514	0.791991589	0.885473581	0.868318186	0.830469183	0.843016321	0.790532326	0.863211668	0.881318851	0.779928138	0.866941076	0.866352925	0.837957572	0.880388895	0.87118314	0.925844209	0.88046803	0.868436195	0.874339553	0.872768961	0.829397456	0.8715882	0.875984933	0.84773774	0.900020027	0.892559653
13414.26.hg	0.872705257	0.864859745	0.812821617	0.864850592	0.826760864	0.84457963	0.852844744	0.890969811	0.865472844	0.872472911	0.884204213	0.853458389	0.870461246	0.916634139	0.842760291	0.909406226	0.813470642	0.836419249	0.870452184	0.904124022	0.885318154	0.835954984	0.825106597	0.88369745	0.864482305	0.839672909	0.883166616	0.81501428	0.855097146	0.864812712	0	0.811316602	0.822486484	0.854071669	0.888661345	0.834501427	0.863439226	0.820090167	0.895930397	0.831244381	0.785887063	0.842260119	0.862516221	0.855357738	0.821840011	0.935168427	0.850424003	0.811746483	0.923522455	0.875973436	0.8595975	0.859609078	0.835455153	0.841609237	0.834427812	0.88119742	0.778769008	0.787718553	0.808880011	0.856568542	0.855509662	0.830008943	0.817873998	0.877052184	0.85302593	0.880488012	0.843339589	0.858159137	0.824515088	0.864160882	0.930534552	0.841108055	0.841750905	0.801259534	0.837721701	0.819492263	0.851790888	0.857510381	0.835775692	0.916572796	0.899722619
13414.28.hg	0.8211899	0.851039388	0.812928184	0.85791351	0.734707204	0.864642132	0.849268401	0.858800581	0.819626682	0.870603765	0.80767732	0.884358114	0.854841595	0.916802867	0.844388487	0.91074096	0.84880953	0.794051591	0.831266597	0.921164293	0.875064082	0.847697382	0.828630664	0.886283532	0.840502438	0.845723742	0.886976449	0.642850107	0.853917446	0.826303914	0.811316602	0	0.780203679	0.869108816	0.901254568	0.821200463	0.887269246	0.647629074	0.892052782	0.79417391	0.744114619	0.83590714	0.850638448	0.85636892	0.86404595	0.93250808	0.832880653	0.803207839	0.935865598	0.872824139	0.900892664	0.840655121	0.725016945	0.783302739	0.803467233	0.916212844	0.860985845	0.826287988	0.809671844	0.871737177	0.805635654	0.792053683	0.829924728	0.89688563	0.815183693	0.878855744	0.824711017	0.862010919	0.807622319	0.820963834	0.916861297	0.885635788	0.873229965	0.856117821	0.848795281	0.818091457	0.862845658	0.871579472	0.857924403	0.910407358	0.921707859
13414.4.hg	0.865924054	0.862876159	0.844576275	0.873012389	0.724996747	0.869356886	0.887455698	0.898086734	0.862812886	0.888352173	0.876676514	0.907175244	0.878680295	0.856277579	0.868379993	0.89255801	0.848847677	0.817308564	0.853585212	0.905384227	0.904373849	0.83320634	0.838551208	0.890109435	0.870301169	0.8154847	0.900872949	0.76567092	0.850349152	0.835362542	0.822486484	0.780203679	0	0.835493709	0.855136003	0.840583184	0.916829239	0.769751263	0.901546121	0.822089729	0.769633715	0.860174229	0.884194853	0.849009097	0.882925451	0.932212572	0.852904371	0.823956528	0.952501417	0.850022524	0.921038712	0.824981357	0.78177225	0.837712156	0.831282176	0.931596471	0.852165535	0.841116598	0.807474631	0.902200363	0.854399909	0.834483685	0.856348753	0.918596556	0.842046353	0.88303157	0.839964251	0.872929553	0.81739439	0.835826117	0.931885212	0.897930433	0.875448753	0.858593249	0.847893155	0.825454276	0.859145941	0.875038121	0.865139903	0.908285816	0.925937445
13414.19.hg	0.886167853	0.885626377	0.88342022	0.882400981	0.810116655	0.889136025	0.882186263	0.908469995	0.903470209	0.857008171	0.894293249	0.914169325	0.869471398	0.892674201	0.891280071	0.880293415	0.86986094	0.837403059	0.918336886	0.911138245	0.910959259	0.834010723	0.872227664	0.855376707	0.755018164	0.83414735	0.90719074	0.873436499	0.857029974	0.863452657	0.854071669	0.869108816	0.835493709	0	0.881909458	0.868519735	0.9030357	0.844731498	0.904267265	0.838809962	0.806290744	0.858220253	0.868990298	0.78471422	0.899663186	0.847956097	0.898037646	0.874845105	0.940228801	0.869046517	0.922755942	0.857404438	0.82255304	0.877258903	0.856467213	0.91435235	0.86363272	0.891823764	0.840729431	0.907542176	0.816837877	0.866784418	0.873708353	0.910075566	0.865896106	0.788832599	0.849181839	0.806479456	0.861127488	0.879935132	0.915529973	0.904657664	0.881116318	0.847595199	0.868697209	0.779149669	0.761468709	0.805471958	0.84543768	0.82965122	0.89978338
13414.67.hg	0.925470698	0.895378125	0.814613841	0.798079932	0.856316285	0.844692973	0.920056011	0.877890744	0.900232209	0.911037138	0.934403407	0.920919008	0.918962148	0.863717996	0.916325368	0.870931311	0.898966795	0.873339035	0.756716664	0.810127781	0.941850261	0.878817627	0.807485397	0.788991172	0.902390463	0.80353876	0.956792217	0.885354503	0.923213012	0.913998039	0.888661345	0.901254568	0.855136003	0.881909458	0	0.874302638	0.939813686	0.85992933	0.789596382	0.912311446	0.820013077	0.911027856	0.925731727	0.855962845	0.886564761	0.9401123	0.876965474	0.86606096	0.968901367	0.877020223	0.939180412	0.789003356	0.886560424	0.90497268	0.886515361	0.956100551	0.892732688	0.905002687	0.818036365	0.944296047	0.80960417	0.87285622	0.87155306	0.945447913	0.890191779	0.877440515	0.828458709	0.863858333	0.745256956	0.834992235	0.937929774	0.923715319	0.86648109	0.912612082	0.886510776	0.885585085	0.845173383	0.905921289	0.890783199	0.894477236	0.954907767
13414.61.hg	0.874467386	0.878902994	0.809143056	0.874714674	0.864703732	0.87689494	0.836818231	0.852141979	0.883997692	0.835054588	0.87611934	0.865885894	0.849830734	0.902780586	0.821241257	0.915146886	0.849916917	0.813260213	0.867249585	0.896816866	0.874380145	0.866570651	0.851187985	0.89838785	0.826761421	0.856133006	0.892557044	0.831607293	0.822606321	0.823663916	0.834501427	0.821200463	0.840583184	0.868519735	0.874302638	0	0.875608079	0.791782374	0.89295485	0.798827525	0.766669258	0.808064354	0.856577178	0.858120385	0.850861495	0.922444208	0.863865524	0.801283047	0.909332138	0.798866975	0.875994463	0.825006471	0.814412206	0.836072702	0.806099599	0.888986065	0.77284411	0.846138922	0.84494796	0.832266765	0.812311261	0.824951861	0.798498503	0.893699157	0.675546375	0.853071573	0.728449239	0.846644927	0.859766133	0.854148972	0.92940135	0.870359415	0.864485981	0.843451975	0.878640031	0.828191588	0.862177882	0.882931096	0.843535021	0.900129765	0.907928227
13414.66.hg	0.877407689	0.909565017	0.915323176	0.938002239	0.913728669	0.935479574	0.831717619	0.921840135	0.927662101	0.865346631	0.870140015	0.833398533	0.864889641	0.957648368	0.838939598	0.935774209	0.866649764	0.863712398	0.93450967	0.958247427	0.868613919	0.90953029	0.927196003	0.933020679	0.864176963	0.919726163	0.826256457	0.900588029	0.865835774	0.860660678	0.863439226	0.887269246	0.916829239	0.9030357	0.939813686	0.875608079	0	0.841019748	0.940854206	0.858929609	0.89229203	0.827610629	0.818901032	0.896852861	0.83616405	0.926271087	0.930648083	0.874876728	0.795524604	0.92422661	0.754168199	0.886327749	0.860461633	0.906052685	0.863855971	0.735721133	0.798215308	0.790814026	0.915740859	0.753503837	0.877186507	0.855593568	0.902406225	0.875094547	0.848574771	0.881472925	0.911116894	0.861407178	0.928406695	0.934324511	0.939729952	0.769887056	0.881862774	0.777500161	0.909425218	0.879991706	0.902433885	0.896309232	0.883329127	0.91308834	0.862918991
13414.6.hg	0.759351737	0.853851715	0.847592798	0.860768231	0.7655964	0.889137621	0.7933162	0.881173769	0.807095498	0.828822054	0.78797331	0.854927686	0.839177412	0.912189241	0.801421046	0.900961588	0.829429214	0.775789136	0.837710584	0.905868499	0.837017918	0.836083395	0.845563781	0.868287277	0.805006677	0.853876749	0.847762521	0.705157438	0.815611839	0.778105035	0.820090167	0.647629074	0.769751263	0.844731498	0.85992933	0.791782374	0.841019748	0	0.886833067	0.781116971	0.729650643	0.781444471	0.79373511	0.852295713	0.866255841	0.909701742	0.856622043	0.823362606	0.909842775	0.867227529	0.85878599	0.778662259	0.712903322	0.800622076	0.792660116	0.887732899	0.832010165	0.821417506	0.815774219	0.827023503	0.767391565	0.766996412	0.827949449	0.887502472	0.775828704	0.856222919	0.843385603	0.828951399	0.82759176	0.85238266	0.917502831	0.869007268	0.860698702	0.817347581	0.866296491	0.791097017	0.830690288	0.872866541	0.848383909	0.882655039	0.890124615
13414.51.hg	0.926832427	0.914916533	0.856485664	0.855250202	0.872807326	0.867211334	0.911883472	0.896273276	0.928320789	0.927903828	0.931118517	0.914752949	0.932247588	0.887162441	0.917972907	0.88317192	0.890385933	0.906482783	0.854428052	0.833055061	0.927554883	0.912721644	0.866909361	0.87907887	0.888432084	0.84795299	0.9459125	0.881569709	0.907397938	0.916962508	0.895930397	0.892052782	0.901546121	0.904267265	0.789596382	0.89295485	0.940854206	0.886833067	0	0.876188793	0.806031881	0.920103981	0.926675896	0.825446294	0.863626762	0.9499319	0.873385015	0.877893958	0.97296899	0.878081998	0.945151394	0.812110173	0.861273633	0.849084875	0.880330761	0.949911602	0.913795548	0.919333289	0.829414884	0.945616889	0.84782316	0.897213117	0.870891557	0.939536783	0.902128652	0.882895375	0.822686129	0.84271918	0.77200815	0.740483396	0.939756782	0.930214309	0.914855882	0.911487081	0.907194588	0.849957814	0.891583826	0.906912525	0.88539422	0.91181134	0.953571726
13414.7.hg	0.862601873	0.871937642	0.846162951	0.871739547	0.859137426	0.891353506	0.811801321	0.889889742	0.887022348	0.838828896	0.81448896	0.845277164	0.845774838	0.931442503	0.798188158	0.906242248	0.83645654	0.797174866	0.877182091	0.922820794	0.861939043	0.844949571	0.877356672	0.89687665	0.73656108	0.838851753	0.855781983	0.803287829	0.827981399	0.796109311	0.831244381	0.79417391	0.822089729	0.838809962	0.912311446	0.798827525	0.858929609	0.781116971	0.876188793	0	0.787561799	0.778336214	0.804740177	0.832530158	0.850737414	0.911015112	0.831727178	0.839637725	0.913566748	0.853128303	0.88397587	0.846658157	0.806872014	0.833535979	0.752088855	0.891800467	0.825678076	0.842263748	0.756531472	0.84598676	0.793275159	0.747140723	0.813275141	0.878179702	0.792890734	0.857675665	0.824681073	0.826921988	0.848568103	0.850359218	0.918250586	0.869992825	0.873071091	0.844055303	0.874421131	0.81808374	0.856021179	0.859791162	0.838886353	0.893335336	0.893465974
