	13414.24.skin	13414.37.skin	13414.26.skin	13414.30.skin	13414.21.skin	13414.19.skin	13414.13.skin	13414.33.skin	13414.14.skin	13414.10.skin	13414.15.skin	13414.2.skin	13414.100.s	13414.31.skin	13414.101.s	13414.41.skin	13414.20.skin	13414.17.skin	13414.22.skin	13414.46.skin	13414.3.skin	13414.28.skin	13414.25.skin	13414.39.skin	13414.18.skin	13414.34.skin	13414.27.skin	13414.16.skin	13414.12.skin	13414.40.skin	13414.44.skin	13414.59.skin	13414.69.skin	13414.47.skin	13414.8.skin	13414.85.skin	13414.42.skin	13414.75.skin	13414.5.skin	13414.53.skin	13414.49.skin	13414.62.skin	13414.77.skin	13414.67.skin	13414.4.skin	13414.61.skin	13414.71.skin	13414.63.skin	13414.51.skin	13414.80.skin	13414.81.skin	13414.52.skin	13414.6.skin	13414.7.skin	13414.66.skin	13414.88.skin	13414.78.skin	13414.48.skin	13414.89.s	13414.86.skin	13414.43.skin	13414.70.skin	13414.84.skin	13414.73.skin	13414.60.skin	13414.54.skin	13414.87.skin	13414.97.s	13414.79.skin	13414.65.skin	13414.72.skin	13414.99.s	13414.83.skin	13414.95.s	13414.74.skin	13414.92.s	13414.93.s	13414.98.s	13414.96.s	13414.103.s	13414.11.skin	13414.45.skin	13414.68.skin	13414.82.skin	13414.94.s
13414.24.skin	0	0.713484314	0.752282895	0.788969924	0.749674994	0.793109045	0.809538598	0.678200932	0.665226762	0.736432063	0.918910266	0.826119883	0.757672979	0.876159458	0.732868028	0.85381648	0.736782293	0.69726137	0.76968281	0.750570476	1.071760557	0.901539053	0.721947732	0.728275841	0.664242021	0.882325909	0.730977052	0.601041198	0.655472508	0.739667631	0.689242507	1.10830805	0.776026835	0.643785434	0.781585313	0.716950923	0.808148501	0.751623999	0.755038248	0.854836471	0.818356927	0.747761884	0.702375213	0.803021435	0.990153988	0.707091465	0.889045591	0.625546749	0.893254686	0.73256802	0.832049104	0.796325952	0.929090129	0.709787541	0.716135509	0.647412084	0.748964872	0.85429793	0.838118939	0.716207963	0.803062326	0.783624128	0.697671128	0.823855088	0.768790074	0.645166694	0.685684485	0.69847444	0.67345371	0.723197085	0.752335327	0.683350461	0.689846891	0.764459235	0.707455841	0.720738035	0.768411287	0.66396017	0.623403516	0.821238254	0.791707611	0.76017979	0.671806504	0.641838445	0.828684856
13414.37.skin	0.713484314	0	0.533415956	0.755921481	0.53540256	0.611549256	0.553745958	0.607360743	0.439583628	0.538628851	0.765903016	0.519604639	0.527529249	0.722155694	0.494175136	0.610609649	0.486698422	0.597005025	0.497334713	0.634396149	0.854761439	0.654330167	0.591765588	0.477278318	0.526646644	0.652039105	0.600045916	0.552660072	0.501378258	0.523831492	0.517860539	0.927899112	0.568466227	0.457328575	0.615472974	0.435061887	0.592238094	0.447351997	0.515806892	0.697572637	0.714032574	0.585500723	0.434702501	0.483420996	0.799800923	0.595369446	0.843038445	0.637598205	0.954739459	0.613512113	0.828954008	0.488455663	0.684487053	0.520977475	0.524835277	0.480520808	0.690402189	0.918072138	0.547115017	0.604830725	0.843149087	0.538079766	0.696638229	0.877962412	0.572461521	0.640187049	0.507722089	0.509395162	0.520643478	0.466894283	0.641140287	0.498024311	0.53665776	0.449554482	0.521894307	0.517912325	0.46415941	0.393795527	0.459328615	0.498456701	0.55029105	0.42820771	0.507363534	0.51613438	0.54812193
13414.26.skin	0.752282895	0.533415956	0	0.743036936	0.483979222	0.571638684	0.687198217	0.689957512	0.5141599	0.550555736	0.701770839	0.529653206	0.619681773	0.72916739	0.644673578	0.661669874	0.56124747	0.688567729	0.53744098	0.704710034	0.938229695	0.722981632	0.653258247	0.479192689	0.603911138	0.557787505	0.683756331	0.672778359	0.610749979	0.491877412	0.440625132	0.889550635	0.649010279	0.36125571	0.549887496	0.356088674	0.552028492	0.375600824	0.661720978	0.69366552	0.777725469	0.522657755	0.614179029	0.533474149	0.780392167	0.664163109	0.807738929	0.629690167	0.941702524	0.696338571	0.816273462	0.556510308	0.808667684	0.66438283	0.35109024	0.586478195	0.70236726	0.90599369	0.700198914	0.675095384	0.845009979	0.507981248	0.749020627	0.852947891	0.563247107	0.626961623	0.516922129	0.607921973	0.535608037	0.357763616	0.708306376	0.586238626	0.636884457	0.475096121	0.508639582	0.660808311	0.375912855	0.553433751	0.512484934	0.624741283	0.688258215	0.452128612	0.616743588	0.525978192	0.636694668
13414.30.skin	0.788969924	0.755921481	0.743036936	0	0.796291844	0.710067277	0.835206508	0.805647445	0.744038903	0.813510574	0.835909447	0.758005738	0.821142516	0.744763598	0.826798111	0.792358445	0.720533307	0.790566397	0.807554999	0.819165641	0.920726094	0.785340455	0.799679003	0.767668802	0.75518783	0.83989503	0.80583013	0.724222268	0.742992433	0.704600902	0.757377522	1.04726913	0.805681353	0.691115551	0.771222967	0.721139719	0.758635779	0.75992288	0.813973876	0.712001217	0.711074575	0.755777833	0.763430103	0.806596295	0.942082729	0.778010513	0.364459475	0.516166287	0.39698627	0.798893485	0.400990637	0.802510042	0.828691026	0.799523191	0.699451171	0.741324954	0.371679818	0.360138564	0.752414359	0.775458835	0.373865082	0.79179704	0.478669512	0.378304495	0.688782684	0.658188175	0.726078743	0.746722841	0.637154489	0.707293791	0.830134315	0.797381813	0.777225156	0.754582234	0.688879746	0.758549432	0.750521134	0.726332136	0.686351332	0.804724301	0.85167087	0.780523201	0.774024251	0.7352799	0.754486894
13414.21.skin	0.749674994	0.53540256	0.483979222	0.796291844	0	0.546298297	0.67225361	0.692529974	0.513721618	0.385768147	0.804251438	0.381112858	0.623950152	0.753915775	0.605597931	0.602139665	0.544017498	0.712466535	0.476078477	0.718189523	0.947594309	0.762308485	0.652201096	0.371656711	0.652879909	0.360671834	0.698904589	0.649176722	0.616818848	0.378851699	0.381481383	0.944432738	0.649104708	0.42400374	0.332303139	0.519643058	0.380191468	0.513082565	0.676459976	0.714800892	0.835541809	0.386344148	0.630610524	0.571642274	0.782572869	0.672990275	0.885571646	0.736669631	0.993649357	0.713663324	0.844672517	0.422313733	0.827151848	0.65720476	0.522563028	0.589934123	0.765161387	0.957683476	0.720854841	0.694845077	0.906395318	0.432702209	0.812955493	0.92475975	0.545963111	0.467234373	0.500461764	0.627181216	0.579107821	0.525818088	0.72166546	0.598880943	0.651684052	0.501771201	0.536653305	0.69012534	0.487440487	0.566243864	0.561015889	0.527139491	0.694620905	0.507712699	0.639569478	0.558002526	0.636797116
13414.19.skin	0.793109045	0.611549256	0.571638684	0.710067277	0.546298297	0	0.752025861	0.728870283	0.655515832	0.573925625	0.723541704	0.420471469	0.722712841	0.678848517	0.740497092	0.698142303	0.41948855	0.719682778	0.552947086	0.740723724	0.916719716	0.753166612	0.718376293	0.486382976	0.698459835	0.469608868	0.7091755	0.739359371	0.657887375	0.302696709	0.551253341	0.819232562	0.748840581	0.557895568	0.560436967	0.590305772	0.217823993	0.631973031	0.659177266	0.664109436	0.779087768	0.538331213	0.69379308	0.693963659	0.687374128	0.689123909	0.81724535	0.700007107	0.895929246	0.71991429	0.821626176	0.527321302	0.795124382	0.726364813	0.574429918	0.655636457	0.740408461	0.861151418	0.744413388	0.698799714	0.838789549	0.323215126	0.77341019	0.84442471	0.145804844	0.64163235	0.328571216	0.680847345	0.395023926	0.591182836	0.746117139	0.686861962	0.68601086	0.637315686	0.385237268	0.73693192	0.604518339	0.637108627	0.65649517	0.720758847	0.775428105	0.651092497	0.68519501	0.640276533	0.636971723
13414.13.skin	0.809538598	0.553745958	0.687198217	0.835206508	0.67225361	0.752025861	0	0.680206128	0.517566354	0.658497788	0.845292969	0.746175474	0.616896764	0.782372097	0.516116974	0.774956901	0.650100291	0.670214389	0.644593574	0.685539531	0.712022708	0.752455659	0.644728294	0.636246566	0.6043823	0.784944319	0.687452049	0.650837474	0.584992412	0.691517755	0.655585935	1.060601588	0.674570113	0.61251559	0.749967421	0.565377548	0.737728653	0.542963993	0.590374668	0.759143126	0.812533484	0.737671966	0.539780882	0.522351353	0.891693489	0.655006176	0.921082472	0.770913855	1.02491048	0.674556854	0.895308418	0.64118198	0.641608549	0.599279828	0.622947894	0.578603089	0.783880894	0.988074833	0.608297364	0.655087294	0.929550675	0.710619519	0.765041408	0.953902068	0.72904193	0.806519539	0.6458897	0.603166823	0.664223836	0.573010294	0.696402271	0.59322949	0.618510215	0.572285476	0.663766655	0.62703953	0.598921281	0.576092339	0.606408447	0.546652437	0.548131275	0.495967607	0.62774805	0.604267181	0.734559357
13414.33.skin	0.678200932	0.607360743	0.689957512	0.805647445	0.692529974	0.728870283	0.680206128	0	0.577018954	0.52285662	0.84286035	0.733127509	0.653147651	0.788125451	0.502627134	0.731315891	0.65095843	0.523422249	0.615233289	0.491365932	1.019594525	0.880870899	0.482452458	0.543097922	0.467563297	0.765906651	0.49992955	0.570853857	0.518263189	0.659410906	0.632955821	1.029971856	0.651778963	0.579019515	0.678594154	0.656856981	0.710082239	0.678650033	0.612175646	0.762360843	0.708963321	0.633087449	0.590396534	0.728728192	0.93056582	0.459336242	0.896672761	0.708340662	0.972347764	0.475964096	0.89862209	0.619941119	0.877618259	0.494008527	0.646680942	0.532524347	0.736348768	0.937105337	0.779337238	0.45599941	0.868531856	0.699597448	0.634048444	0.925472587	0.71183218	0.710446738	0.615008526	0.612950926	0.603195939	0.654079855	0.497522679	0.439729606	0.463804831	0.679959189	0.623621107	0.61614349	0.698447927	0.570330911	0.584254935	0.705124445	0.622225327	0.668173126	0.45720398	0.509374652	0.732379341
13414.14.skin	0.665226762	0.439583628	0.5141599	0.744038903	0.513721618	0.655515832	0.517566354	0.577018954	0	0.500317808	0.750564969	0.59892099	0.524699598	0.742082501	0.444832129	0.630883361	0.561844845	0.608538016	0.52831198	0.638440168	0.866475301	0.691314341	0.571331564	0.471723931	0.52255921	0.619318426	0.615038478	0.498839621	0.52443042	0.529353291	0.481056093	0.927696738	0.553564315	0.383949335	0.544918575	0.435730942	0.595315767	0.411949164	0.547767376	0.701732819	0.706987494	0.541284587	0.462489215	0.429462043	0.832841836	0.604590117	0.830040498	0.611105946	0.91686213	0.62021391	0.778540045	0.495319924	0.729687849	0.531695498	0.493060151	0.497374946	0.669989525	0.881203324	0.599339313	0.607925039	0.798362521	0.550065599	0.672157579	0.844020623	0.642687677	0.590602479	0.562823563	0.526574152	0.563279774	0.448292719	0.636292036	0.502849941	0.54694603	0.402713016	0.563308544	0.555682691	0.448238273	0.471472732	0.465089567	0.487779634	0.538836245	0.38086661	0.53854111	0.496781678	0.649416139
13414.10.skin	0.736432063	0.538628851	0.550555736	0.813510574	0.385768147	0.573925625	0.658497788	0.52285662	0.500317808	0	0.838209601	0.48581551	0.60331664	0.785162835	0.441202876	0.579395454	0.468869388	0.504143707	0.352631649	0.484945203	0.995182748	0.831729908	0.444538384	0.278386262	0.481646698	0.441827166	0.494940505	0.682683371	0.557596797	0.445160667	0.45258855	0.981359035	0.627919091	0.467424112	0.439471207	0.569052666	0.425566537	0.569414959	0.501333687	0.746953301	0.754535778	0.502011295	0.549159844	0.62523189	0.830083208	0.466587441	0.9068398	0.722961123	1.020264589	0.481669457	0.875020625	0.30666997	0.849675869	0.445479672	0.579583937	0.551823456	0.747377338	0.983485894	0.73633566	0.464704981	0.896261382	0.440635786	0.628754665	0.944428405	0.565937672	0.503346758	0.455664781	0.577074418	0.524514742	0.581779904	0.498687	0.525374694	0.43301894	0.533579772	0.506421915	0.553129504	0.562774023	0.529806827	0.524672361	0.620665569	0.514561068	0.524102265	0.416304294	0.516072071	0.68666923
13414.15.skin	0.918910266	0.765903016	0.701770839	0.835909447	0.804251438	0.723541704	0.845292969	0.84286035	0.750564969	0.838209601	0	0.763946394	0.690925493	0.693307451	0.833573059	0.891925688	0.772802963	0.798367598	0.851613717	0.829726525	1.029313233	0.889408334	0.82000867	0.74139472	0.802603995	0.874330269	0.826003501	0.83281774	0.75671281	0.70593933	0.736634884	0.991538497	0.874985429	0.736596397	0.800960118	0.742812519	0.754195861	0.78508712	0.827882765	0.773909422	0.908612819	0.759814043	0.816350422	0.768676969	0.923143387	0.784484557	0.921390989	0.845994503	1.011083157	0.806540864	0.925143074	0.845091461	0.918112714	0.829962371	0.704551512	0.761241944	0.860244447	0.975684608	0.878768199	0.7914729	0.963760207	0.803387561	0.888433128	0.966526116	0.697609156	0.88626764	0.733058357	0.67066962	0.728441987	0.723520763	0.844152244	0.77467507	0.801866167	0.798598487	0.606723407	0.858191644	0.789045508	0.762380009	0.786140657	0.828492314	0.888395551	0.78646548	0.800886631	0.744903102	0.796530096
13414.2.skin	0.826119883	0.519604639	0.529653206	0.758005738	0.381112858	0.420471469	0.746175474	0.733127509	0.59892099	0.48581551	0.763946394	0	0.698208702	0.716636097	0.676914667	0.598669963	0.494323767	0.741873915	0.521636344	0.75147741	0.932691069	0.741847916	0.695363258	0.375688929	0.711683951	0.435863035	0.727318776	0.719033435	0.677844121	0.325915098	0.438265231	0.871274583	0.702891977	0.481513133	0.45981076	0.583268617	0.328418202	0.584710458	0.673420165	0.682317536	0.810429468	0.46394498	0.691500059	0.640735588	0.703328883	0.70151782	0.857473593	0.727787147	0.951506295	0.738452654	0.833200195	0.479131537	0.815555273	0.715164245	0.578936172	0.657077764	0.752169897	0.915627803	0.733237066	0.721704218	0.884853331	0.410493862	0.804066805	0.892746306	0.438403648	0.537931477	0.446142243	0.672227981	0.507922243	0.588728397	0.75010912	0.665282232	0.702795123	0.56821345	0.471632201	0.72801915	0.548520336	0.584202988	0.629228878	0.619175666	0.755946239	0.587845884	0.684509051	0.61900906	0.483771935
13414.100.s	0.757672979	0.527529249	0.619681773	0.821142516	0.623950152	0.722712841	0.616896764	0.653147651	0.524699598	0.60331664	0.690925493	0.698208702	0	0.776364167	0.5557991	0.738895547	0.628289625	0.654370059	0.602676308	0.663184745	0.963915853	0.801144146	0.616783098	0.582133224	0.581788324	0.733657595	0.6535145	0.646305939	0.539662287	0.633913817	0.557716122	1.010162833	0.627584775	0.544054588	0.690458353	0.53895357	0.680555415	0.545131008	0.64865441	0.741711722	0.8111101	0.663486959	0.565694984	0.498607003	0.840658847	0.627092618	0.902876349	0.71982872	1.020197139	0.657915174	0.85849409	0.619412284	0.819741773	0.605847233	0.55802592	0.52647457	0.768817777	0.983476234	0.709422411	0.641737569	0.91194266	0.643698572	0.768455128	0.947375804	0.691385999	0.743123713	0.592728866	0.363891135	0.633985925	0.536257492	0.671826496	0.49388413	0.5992326	0.551622223	0.526138825	0.619694469	0.58056781	0.521727582	0.528511046	0.620080397	0.649866464	0.523785252	0.571161051	0.514774582	0.702580533
13414.31.skin	0.876159458	0.722155694	0.72916739	0.744763598	0.753915775	0.678848517	0.782372097	0.788125451	0.742082501	0.785162835	0.693307451	0.716636097	0.776364167	0	0.775819014	0.826707452	0.731056902	0.762164297	0.787963317	0.772794477	0.932129576	0.823339799	0.757875954	0.704765264	0.747320571	0.806473759	0.766255101	0.79764853	0.699175364	0.672501041	0.713950957	1.035912802	0.809519581	0.69044543	0.75154925	0.679804148	0.715808951	0.721837564	0.785409737	0.689067382	0.834023504	0.736046737	0.759230647	0.754383728	0.89451291	0.729655377	0.846574735	0.770871858	0.930947996	0.757510874	0.870348482	0.788853551	0.844948401	0.777418439	0.656811049	0.703445057	0.782676396	0.89489157	0.797353589	0.733714183	0.883278917	0.761239889	0.823784215	0.883853162	0.657656496	0.821200636	0.694041537	0.736147454	0.687962282	0.670162641	0.785925112	0.744640222	0.74522948	0.739686198	0.682476557	0.801024055	0.725647961	0.710398031	0.731871131	0.770644922	0.822663942	0.743299523	0.745693883	0.685898245	0.720541284
13414.101.s	0.732868028	0.494175136	0.644673578	0.826798111	0.605597931	0.740497092	0.516116974	0.502627134	0.444832129	0.441202876	0.833573059	0.676914667	0.5557991	0.775819014	0	0.685552518	0.583927997	0.472862981	0.509010694	0.464335161	0.88795276	0.75031367	0.423795173	0.470580765	0.335300688	0.710310668	0.475436795	0.610811991	0.468931729	0.626051069	0.568816654	0.998888872	0.616840151	0.547020384	0.669936369	0.523914855	0.66928334	0.490533981	0.455953891	0.736694163	0.75539906	0.66516751	0.444189583	0.507124155	0.877814164	0.439313466	0.908127706	0.74439501	1.01751093	0.460451187	0.876039298	0.498058635	0.753816038	0.387923234	0.592479266	0.453348297	0.740552291	0.98072462	0.632633674	0.438370769	0.90724057	0.632074728	0.645205232	0.942009882	0.712103634	0.737715268	0.606234376	0.52538838	0.600745966	0.545534166	0.466659887	0.462123798	0.391006752	0.510077675	0.627847788	0.456792904	0.553056745	0.480190618	0.524463897	0.534816866	0.375389131	0.460711843	0.395844558	0.451737805	0.683680985
13414.41.skin	0.85381648	0.610609649	0.661669874	0.792358445	0.602139665	0.698142303	0.774956901	0.731315891	0.630883361	0.579395454	0.891925688	0.598669963	0.738895547	0.826707452	0.685552518	0	0.534815149	0.571116384	0.567975106	0.750820744	0.830351682	0.687313865	0.686295309	0.509098635	0.679187547	0.664556515	0.709596143	0.7205875	0.694451221	0.548970768	0.592362215	1.003826798	0.404254996	0.584706493	0.619980671	0.65785098	0.604340012	0.673964306	0.6123828	0.79355384	0.470345651	0.619748693	0.617605005	0.723521929	0.882521065	0.703158332	0.891422321	0.687946592	0.994079025	0.711599751	0.876915313	0.554944508	0.67597952	0.647282079	0.672151872	0.689697848	0.719694991	0.957056981	0.619798436	0.713623511	0.888797807	0.606979988	0.731716397	0.928241481	0.667237709	0.635330046	0.636976445	0.674008719	0.55022389	0.671728715	0.738736687	0.676544821	0.677113492	0.620039945	0.608020227	0.691183123	0.636973178	0.64632601	0.644577369	0.714789757	0.710683341	0.658505304	0.642943516	0.691839778	0.733520656
13414.20.skin	0.736782293	0.486698422	0.56124747	0.720533307	0.544017498	0.41948855	0.650100291	0.65095843	0.561844845	0.468869388	0.772802963	0.494323767	0.628289625	0.731056902	0.583927997	0.534815149	0	0.528605922	0.31776524	0.642715061	0.749842805	0.583402165	0.615251508	0.392626318	0.498766385	0.587029984	0.611625647	0.586444121	0.539666019	0.449280796	0.557790966	0.924419349	0.586427892	0.544607925	0.611499314	0.505980458	0.440752455	0.561977628	0.377728053	0.699298477	0.623960331	0.586234524	0.429401069	0.629917402	0.728641627	0.597529369	0.810786092	0.60483231	0.919653218	0.604376233	0.827314543	0.377336418	0.580703872	0.459011366	0.548179214	0.518758683	0.644895997	0.882813153	0.484236127	0.606678028	0.81421427	0.414216957	0.6386562	0.81802319	0.379324723	0.616947102	0.350411657	0.54487112	0.371103991	0.53388065	0.646881533	0.557365005	0.512939446	0.557086281	0.387477244	0.51490995	0.539799118	0.454650931	0.538793587	0.6444769	0.503482021	0.542832266	0.528387964	0.598992472	0.634677169
13414.17.skin	0.69726137	0.597005025	0.688567729	0.790566397	0.712466535	0.719682778	0.670214389	0.523422249	0.608538016	0.504143707	0.798367598	0.741873915	0.654370059	0.762164297	0.472862981	0.571116384	0.528605922	0	0.510717132	0.322144091	0.881258813	0.734997699	0.249508452	0.511394618	0.388098469	0.792807464	0.291596038	0.671806179	0.441373859	0.664688308	0.641669812	1.018031992	0.539202969	0.589500886	0.730870032	0.614281894	0.734296277	0.668042434	0.362765062	0.743996221	0.588539683	0.705040695	0.498052998	0.704882468	0.889319295	0.28783283	0.872586682	0.710324209	0.982127195	0.285654498	0.892196947	0.614884866	0.732889341	0.30189495	0.626313657	0.487009094	0.713013273	0.945352834	0.664745243	0.283509346	0.87873758	0.699275325	0.609466841	0.891973559	0.682101055	0.784239755	0.604429194	0.544986654	0.557476328	0.623945146	0.301205621	0.516027534	0.252430236	0.679295656	0.595611095	0.517892725	0.673694205	0.527610718	0.557995122	0.735001188	0.46132433	0.639046095	0.272590194	0.50464285	0.708590176
13414.22.skin	0.76968281	0.497334713	0.53744098	0.807554999	0.476078477	0.552947086	0.644593574	0.615233289	0.52831198	0.352631649	0.851613717	0.521636344	0.602676308	0.787963317	0.509010694	0.567975106	0.31776524	0.510717132	0	0.600525907	0.840095736	0.660828121	0.558732196	0.360168184	0.462178422	0.531563936	0.567775198	0.620961033	0.550396936	0.50674436	0.497484027	1.012100452	0.576061351	0.478328116	0.578255988	0.510380505	0.531661896	0.533288633	0.425777604	0.754944888	0.701675963	0.606579635	0.462694883	0.609742185	0.812273249	0.568150336	0.895052122	0.703227315	1.010694661	0.58157422	0.886852257	0.336209475	0.69468933	0.42639113	0.574749124	0.524633362	0.726274299	0.974115819	0.583084265	0.572759728	0.898956218	0.438413652	0.653080055	0.906454871	0.539520316	0.617872192	0.4510042	0.5511196	0.516458979	0.552460517	0.608933338	0.549892403	0.465424662	0.558235549	0.502993903	0.491752666	0.508082991	0.462190767	0.534888221	0.655423937	0.450621432	0.488842631	0.47323374	0.575964006	0.668029245
13414.46.skin	0.750570476	0.634396149	0.704710034	0.819165641	0.718189523	0.740723724	0.685539531	0.491365932	0.638440168	0.484945203	0.829726525	0.75147741	0.663184745	0.772794477	0.464335161	0.750820744	0.642715061	0.322144091	0.600525907	0	1.007279297	0.87622185	0.163678743	0.552310132	0.433930366	0.783551902	0.201699374	0.774401876	0.464987089	0.693058656	0.643558774	1.049930332	0.719866164	0.633723251	0.742582103	0.652383755	0.732239379	0.690607207	0.518555653	0.739894172	0.748694269	0.726196175	0.581190848	0.729581803	0.922927486	0.079269288	0.910758515	0.751326993	1.007699982	0.091776056	0.928935847	0.621795453	0.866052124	0.370425544	0.632473264	0.529876115	0.750600409	0.970792255	0.777707571	0.093171724	0.900271006	0.712663337	0.617748032	0.957588617	0.710112738	0.817744478	0.618731151	0.612217839	0.598830049	0.646163205	0.170358008	0.523023742	0.208053452	0.703200157	0.632177374	0.572253571	0.717659765	0.574870672	0.614180522	0.749552644	0.532063257	0.662071253	0.311389023	0.507977595	0.744799054
13414.3.skin	1.071760557	0.854761439	0.938229695	0.920726094	0.947594309	0.916719716	0.712022708	1.019594525	0.866475301	0.995182748	1.029313233	0.932691069	0.963915853	0.932129576	0.88795276	0.830351682	0.749842805	0.881258813	0.840095736	1.007279297	0	0.600757343	0.989836817	0.946508798	0.864251649	1.023417494	0.994485657	0.844312566	0.855942609	0.903128876	0.940206118	1.241917356	0.808398041	0.890918949	0.976840494	0.80556293	0.953284152	0.825175707	0.657852666	0.905553108	0.846200802	0.975237821	0.748710081	0.835406351	1.090343967	0.971847804	1.00753146	0.924955781	1.107554657	0.980123165	1.027659957	0.928312782	0.274537889	0.788370998	0.865586833	0.816970492	0.932221023	1.070616592	0.483600158	0.97576335	1.047599999	0.969426313	0.985738438	1.009983681	0.8730329	0.985967802	0.930005838	0.901810518	0.882360574	0.824628429	1.020216513	0.940455556	0.881953184	0.852581313	0.906883898	0.857308275	0.838479445	0.807138379	0.893797171	0.825588806	0.651574625	0.823663828	0.912847733	0.890615519	0.905530747
13414.28.skin	0.901539053	0.654330167	0.722981632	0.785340455	0.762308485	0.753166612	0.752455659	0.880870899	0.691314341	0.831729908	0.889408334	0.741847916	0.801144146	0.823339799	0.75031367	0.687313865	0.583402165	0.734997699	0.660828121	0.87622185	0.600757343	0	0.852732847	0.761023679	0.726498931	0.85364309	0.843797413	0.685696818	0.722083163	0.72250267	0.740447461	1.070564869	0.676388052	0.677054322	0.804157396	0.609521521	0.792613662	0.628452562	0.579775684	0.79050622	0.719204967	0.794307671	0.589713383	0.675689767	0.925961981	0.830667166	0.874172155	0.744705043	0.98555483	0.851347556	0.885779221	0.737899597	0.502090717	0.680032774	0.670364822	0.68200056	0.780693529	0.948797181	0.41763181	0.843754626	0.904939746	0.773386467	0.842497871	0.886542122	0.708760645	0.797113346	0.758087171	0.727633633	0.697485809	0.629841094	0.88989942	0.787208306	0.744134289	0.648185225	0.717616451	0.689310942	0.63554354	0.625726262	0.700102847	0.691939861	0.601790082	0.632697682	0.759806788	0.748395632	0.737145189
13414.25.skin	0.721947732	0.591765588	0.653258247	0.799679003	0.652201096	0.718376293	0.644728294	0.482452458	0.571331564	0.444538384	0.82000867	0.695363258	0.616783098	0.757875954	0.423795173	0.686295309	0.615251508	0.249508452	0.558732196	0.163678743	0.989836817	0.852732847	0	0.466389136	0.417075492	0.723612316	0.158604569	0.731536185	0.442349643	0.638711024	0.584672604	1.001072284	0.654825638	0.565604571	0.681873087	0.612751786	0.672633221	0.636447134	0.465621396	0.722990055	0.731786072	0.673130228	0.548042741	0.669666325	0.866083924	0.12689129	0.896205589	0.736853694	0.995120898	0.156007368	0.870935696	0.575414733	0.85284278	0.335006348	0.602890451	0.501679609	0.72590653	0.958266919	0.739552259	0.136680276	0.888625497	0.653266899	0.622466944	0.940265193	0.693071599	0.748939196	0.595354949	0.567678185	0.563857807	0.609269235	0.152338861	0.476785496	0.210544276	0.638935035	0.60849582	0.552016256	0.657601965	0.53963867	0.560923745	0.701626777	0.516851228	0.602445234	0.294887654	0.474845818	0.714941825
13414.39.skin	0.728275841	0.477278318	0.479192689	0.767668802	0.371656711	0.486382976	0.636246566	0.543097922	0.471723931	0.278386262	0.74139472	0.375688929	0.582133224	0.704765264	0.470580765	0.509098635	0.392626318	0.511394618	0.360168184	0.552310132	0.946508798	0.761023679	0.466389136	0	0.506849252	0.438983328	0.518589697	0.661054046	0.563790199	0.315574868	0.380415253	0.874726308	0.595602637	0.414702765	0.42407283	0.516280049	0.35752577	0.515016008	0.463824893	0.695942869	0.702458451	0.419636161	0.542525596	0.576235301	0.705353082	0.506586628	0.865699976	0.677201376	0.97236262	0.529485494	0.841102933	0.320291447	0.792116799	0.509768915	0.530264645	0.555515375	0.674562202	0.935555539	0.695237975	0.519680385	0.859626131	0.356131801	0.636296708	0.914668845	0.479025669	0.492641247	0.392625488	0.552921083	0.380465802	0.531317003	0.528945819	0.50695959	0.499899472	0.509626396	0.38273502	0.563382768	0.514430163	0.514927644	0.523843467	0.582428386	0.556402882	0.462571344	0.47923418	0.516793661	0.647879811
13414.18.skin	0.664242021	0.526646644	0.603911138	0.75518783	0.652879909	0.698459835	0.6043823	0.467563297	0.52255921	0.481646698	0.802603995	0.711683951	0.581788324	0.747320571	0.335300688	0.679187547	0.498766385	0.388098469	0.462178422	0.433930366	0.864251649	0.726498931	0.417075492	0.506849252	0	0.750869684	0.434535001	0.585715498	0.332357386	0.630189519	0.611925334	0.974898982	0.607729064	0.534788059	0.684985432	0.53195309	0.698127419	0.589882357	0.454689473	0.721048498	0.677707102	0.664923476	0.424331307	0.633821594	0.848868249	0.409982887	0.812749359	0.670777224	0.950427906	0.419487176	0.846758891	0.53952793	0.71936719	0.349006882	0.579786413	0.351657996	0.684964498	0.913686589	0.60496004	0.399910714	0.837132881	0.661646651	0.595330764	0.824878591	0.655666102	0.728279774	0.542265627	0.438144112	0.545815319	0.559900387	0.450133268	0.440695932	0.299126056	0.584783263	0.559933417	0.427791675	0.59697066	0.392066282	0.454616701	0.65348384	0.396431233	0.561692676	0.349149995	0.410587792	0.657441712
13414.34.skin	0.882325909	0.652039105	0.557787505	0.83989503	0.360671834	0.469608868	0.784944319	0.765906651	0.619318426	0.441827166	0.874330269	0.435863035	0.733657595	0.806473759	0.710310668	0.664556515	0.587029984	0.792807464	0.531563936	0.783551902	1.023417494	0.85364309	0.723612316	0.438983328	0.750869684	0	0.770009095	0.756294545	0.716358172	0.470117604	0.468931767	1.02009474	0.738253547	0.507863601	0.472028417	0.601116577	0.335515776	0.602454467	0.774197417	0.75766544	0.875641357	0.55088691	0.738753252	0.660421712	0.881698754	0.745058683	0.934415529	0.764245758	1.035113539	0.77867155	0.90295909	0.400963918	0.91490649	0.760062337	0.596774331	0.694852188	0.802028617	0.998563292	0.806224355	0.759070885	0.947113762	0.324425511	0.848631998	0.9842618	0.535409018	0.562434035	0.508439153	0.716870605	0.635389734	0.599471141	0.78783366	0.706869297	0.748346384	0.587668335	0.595713662	0.779972509	0.580447797	0.670319073	0.657419022	0.652511255	0.794605674	0.543396984	0.733442443	0.644016011	0.690523558
13414.27.skin	0.730977052	0.600045916	0.683756331	0.80583013	0.698904589	0.7091755	0.687452049	0.49992955	0.615038478	0.494940505	0.826003501	0.727318776	0.6535145	0.766255101	0.475436795	0.709596143	0.611625647	0.291596038	0.567775198	0.201699374	0.994485657	0.843797413	0.158604569	0.518589697	0.434535001	0.770009095	0	0.759562923	0.451007603	0.661776925	0.624026783	1.037471144	0.690658325	0.608460919	0.71717145	0.621012647	0.712879922	0.660295339	0.491520656	0.744808618	0.736940829	0.699097027	0.557617366	0.705148023	0.894217587	0.162679442	0.897152216	0.726369265	1.003620715	0.176531839	0.928285544	0.618441482	0.855075516	0.370710986	0.615008678	0.507852642	0.739844368	0.966933212	0.750090897	0.166505444	0.902462468	0.690768306	0.631003437	0.945416877	0.680671355	0.788648223	0.590549115	0.587070502	0.575399455	0.622799664	0.201478611	0.518888032	0.216846779	0.666227846	0.604393503	0.558420386	0.687391526	0.546120518	0.58157214	0.739472283	0.541991143	0.64696248	0.29893589	0.491497608	0.716893094
13414.16.skin	0.601041198	0.552660072	0.672778359	0.724222268	0.649176722	0.739359371	0.650837474	0.570853857	0.498839621	0.682683371	0.83281774	0.719033435	0.646305939	0.79764853	0.610811991	0.7205875	0.586444121	0.671806179	0.620961033	0.774401876	0.844312566	0.685696818	0.731536185	0.661054046	0.585715498	0.756294545	0.759562923	0	0.586442272	0.64085255	0.677525882	1.002924125	0.644815142	0.572338195	0.670358978	0.559327091	0.709449525	0.559126551	0.639452856	0.775188199	0.718616427	0.643747125	0.529950652	0.604602593	0.900288533	0.746439634	0.798412442	0.551054974	0.829857582	0.756046276	0.728521593	0.657974324	0.712778857	0.607981754	0.637888322	0.560197693	0.679000122	0.793807047	0.575967015	0.738957531	0.741538445	0.700706021	0.665894589	0.724606182	0.712557539	0.510545867	0.662009307	0.597501648	0.636684732	0.584618047	0.785029175	0.654130764	0.633320299	0.575599225	0.667389092	0.595570293	0.568497049	0.532676639	0.527933235	0.578180891	0.630090297	0.586598174	0.64279271	0.608833234	0.692885846
13414.12.skin	0.655472508	0.501378258	0.610749979	0.742992433	0.616818848	0.657887375	0.584992412	0.518263189	0.52443042	0.557596797	0.75671281	0.677844121	0.539662287	0.699175364	0.468931729	0.694451221	0.539666019	0.441373859	0.550396936	0.464987089	0.855942609	0.722083163	0.442349643	0.563790199	0.332357386	0.716358172	0.451007603	0.586442272	0	0.605515265	0.58010137	0.955858028	0.57799629	0.535010468	0.664587536	0.49722092	0.666281964	0.556380699	0.529183481	0.673446403	0.717895219	0.650173433	0.451447327	0.598873547	0.817453834	0.433171501	0.823522649	0.661004917	0.931897052	0.441210084	0.838496945	0.601333295	0.708444946	0.442577224	0.537514317	0.190765489	0.692530492	0.895218866	0.611980052	0.4186819	0.832797291	0.639570737	0.675895478	0.834751141	0.613915427	0.727191026	0.442820011	0.429729335	0.569453834	0.524115656	0.480343581	0.43956186	0.383804633	0.552027027	0.558354325	0.52289594	0.577013777	0.336023936	0.458676186	0.612333421	0.546936067	0.54487994	0.416326552	0.221288175	0.616636408
13414.40.skin	0.739667631	0.523831492	0.491877412	0.704600902	0.378851699	0.302696709	0.691517755	0.659410906	0.529353291	0.445160667	0.70593933	0.325915098	0.633913817	0.672501041	0.626051069	0.548970768	0.449280796	0.664688308	0.50674436	0.693058656	0.903128876	0.72250267	0.638711024	0.315574868	0.630189519	0.470117604	0.661776925	0.64085255	0.605515265	0	0.405753599	0.715163078	0.640623307	0.434328362	0.383653424	0.526555101	0.238432176	0.538769994	0.620345681	0.657632337	0.754327897	0.379628482	0.618097431	0.580517957	0.637486182	0.647354241	0.799966873	0.653540816	0.898786129	0.674456878	0.779633176	0.4628349	0.761614886	0.646007023	0.522706841	0.575270353	0.707557616	0.863709705	0.686125023	0.65767923	0.825777057	0.411741429	0.745841705	0.840125446	0.288902181	0.488543358	0.368043466	0.590472578	0.347196236	0.532102983	0.694208497	0.603194916	0.62328008	0.50269752	0.338451695	0.674330848	0.512360902	0.560104171	0.552663454	0.574722712	0.712251188	0.551697264	0.606537402	0.55591813	0.597386244
13414.44.skin	0.689242507	0.517860539	0.440625132	0.757377522	0.381481383	0.551253341	0.655585935	0.632955821	0.481056093	0.45258855	0.736634884	0.438265231	0.557716122	0.713950957	0.568816654	0.592362215	0.557790966	0.641669812	0.497484027	0.643558774	0.940206118	0.740447461	0.584672604	0.380415253	0.611925334	0.468931767	0.624026783	0.677525882	0.58010137	0.405753599	0	0.912759483	0.615818103	0.288738413	0.458165043	0.469399894	0.456602006	0.48072395	0.637218375	0.681123915	0.788346723	0.471506611	0.602576596	0.488681108	0.749085428	0.592944584	0.853557128	0.677116594	0.950497201	0.634438236	0.804032622	0.489074632	0.821388167	0.61769301	0.466343837	0.551166514	0.716763189	0.915294498	0.727922157	0.614725173	0.866404531	0.469282786	0.738890862	0.901137466	0.545836973	0.580693119	0.464070467	0.553682483	0.543481598	0.46645356	0.641074951	0.55021828	0.60408721	0.434832088	0.489835343	0.650413362	0.47794614	0.533888628	0.512874616	0.59185574	0.662768158	0.427867426	0.588665304	0.497788131	0.638060726
13414.59.skin	1.10830805	0.927899112	0.889550635	1.04726913	0.944432738	0.819232562	1.060601588	1.029971856	0.927696738	0.981359035	0.991538497	0.871274583	1.010162833	1.035912802	0.998888872	1.003826798	0.924419349	1.018031992	1.012100452	1.049930332	1.241917356	1.070564869	1.001072284	0.874726308	0.974898982	1.02009474	1.037471144	1.002924125	0.955858028	0.715163078	0.912759483	0	1.003725367	0.87799438	0.936991052	0.949690241	0.81380809	0.971065993	1.011647738	1.021457927	1.092108639	0.888390857	0.952079776	0.989188192	1.066994993	1.005744993	1.135523397	1.006921598	1.237061983	1.019636117	1.122229705	0.967419357	1.112473873	0.973544928	0.942589095	0.930007066	1.053482281	1.199940757	1.025141112	1.017388621	1.166008592	0.939764398	1.085001293	1.176917805	0.716246601	0.986742241	0.873531437	0.936160145	0.75138488	0.945242586	1.054449109	0.962572637	0.993003878	0.927817751	0.831557537	0.993247423	0.954074582	0.921159759	0.917756812	0.949018478	1.076641367	0.988192149	0.974866366	0.934151023	0.97970234
13414.69.skin	0.776026835	0.568466227	0.649010279	0.805681353	0.649104708	0.748840581	0.674570113	0.651778963	0.553564315	0.627919091	0.874985429	0.702891977	0.627584775	0.809519581	0.616840151	0.404254996	0.586427892	0.539202969	0.576061351	0.719866164	0.808398041	0.676388052	0.654825638	0.595602637	0.607729064	0.738253547	0.690658325	0.644815142	0.57799629	0.640623307	0.615818103	1.003725367	0	0.539642977	0.705609044	0.564423174	0.703275	0.57919639	0.598610748	0.775959094	0.566594108	0.680122903	0.547002816	0.621163741	0.890058293	0.683157086	0.875408061	0.67738203	1.00253157	0.698914086	0.856935008	0.634851245	0.664408122	0.550322603	0.600237686	0.569355675	0.75014819	0.965782855	0.588764046	0.689928747	0.894367399	0.63444309	0.751523059	0.908637773	0.713691385	0.705610922	0.628707591	0.5749826	0.63939306	0.58605988	0.72275877	0.501348937	0.614804777	0.602193279	0.661472104	0.625053423	0.58577647	0.549336087	0.543884294	0.683177145	0.630424917	0.577180637	0.591375344	0.576827228	0.704807732
13414.47.skin	0.643785434	0.457328575	0.36125571	0.691115551	0.42400374	0.557895568	0.61251559	0.579019515	0.383949335	0.467424112	0.736596397	0.481513133	0.544054588	0.69044543	0.547020384	0.584706493	0.544607925	0.589500886	0.478328116	0.633723251	0.890918949	0.677054322	0.565604571	0.414702765	0.534788059	0.507863601	0.608460919	0.572338195	0.535010468	0.434328362	0.288738413	0.87799438	0.539642977	0	0.467112982	0.382291834	0.507169953	0.398298875	0.596541244	0.65778241	0.694199396	0.434311584	0.530691054	0.459885698	0.740921191	0.592212951	0.778648807	0.57813094	0.877209387	0.617777822	0.731129411	0.496554478	0.773986845	0.556467015	0.398903158	0.500926576	0.649959512	0.840720434	0.653771458	0.600403203	0.783084851	0.485001691	0.661691198	0.805376608	0.545477421	0.536736723	0.480852418	0.515928452	0.517164134	0.389003238	0.636439728	0.51232695	0.553876065	0.412374926	0.496261122	0.576824521	0.366581885	0.473572454	0.417580157	0.552193645	0.607795425	0.371120661	0.531879966	0.455095803	0.587281306
13414.8.skin	0.781585313	0.615472974	0.549887496	0.771222967	0.332303139	0.560436967	0.749967421	0.678594154	0.544918575	0.439471207	0.800960118	0.45981076	0.690458353	0.75154925	0.669936369	0.619980671	0.611499314	0.730870032	0.578255988	0.742582103	0.976840494	0.804157396	0.681873087	0.42407283	0.684985432	0.472028417	0.71717145	0.670358978	0.664587536	0.383653424	0.458165043	0.936991052	0.705609044	0.467112982	0	0.590512116	0.418913683	0.597691685	0.731007096	0.663360124	0.812947887	0.305904377	0.685153189	0.640004723	0.810569707	0.695188102	0.87209566	0.723469009	0.953393932	0.724660314	0.834145543	0.511102249	0.861238065	0.698180444	0.582815452	0.637435415	0.768103682	0.915800358	0.772581737	0.704694839	0.874376228	0.520281666	0.795992533	0.899707729	0.567944619	0.42777702	0.545330587	0.664290582	0.593268099	0.592402717	0.743816258	0.663820255	0.678980172	0.55627064	0.552723244	0.736203783	0.569258143	0.613798989	0.602303498	0.581602535	0.766129173	0.603276933	0.67132062	0.604619412	0.675559133
13414.85.skin	0.716950923	0.435061887	0.356088674	0.721139719	0.519643058	0.590305772	0.565377548	0.656856981	0.435730942	0.569052666	0.742812519	0.583268617	0.53895357	0.679804148	0.523914855	0.65785098	0.505980458	0.614281894	0.510380505	0.652383755	0.80556293	0.609521521	0.612751786	0.516280049	0.53195309	0.601116577	0.621012647	0.559327091	0.49722092	0.526555101	0.469399894	0.949690241	0.564423174	0.382291834	0.590512116	0	0.587463598	0.213342888	0.552311068	0.645275021	0.736583869	0.553664712	0.484564777	0.405647307	0.764554683	0.61338642	0.802564897	0.570704008	0.921990217	0.635921436	0.80443236	0.530555055	0.681474174	0.545263446	0.236101732	0.466089358	0.680346477	0.885341588	0.569236787	0.615101336	0.824286758	0.553398631	0.716802436	0.826221491	0.571443718	0.656168468	0.515891341	0.527049018	0.546178569	0.135541055	0.657414164	0.534252656	0.544679053	0.387058344	0.530864336	0.548129672	0.27253641	0.455382141	0.478268096	0.557740588	0.548717173	0.358994539	0.545965067	0.455002058	0.580180729
13414.42.skin	0.808148501	0.592238094	0.552028492	0.758635779	0.380191468	0.217823993	0.737728653	0.710082239	0.595315767	0.425566537	0.754195861	0.328418202	0.680555415	0.715808951	0.66928334	0.604340012	0.440752455	0.734296277	0.531661896	0.732239379	0.953284152	0.792613662	0.672633221	0.35752577	0.698127419	0.335515776	0.712879922	0.709449525	0.666281964	0.238432176	0.456602006	0.81380809	0.703275	0.507169953	0.418913683	0.587463598	0	0.596822706	0.667766345	0.685240469	0.819313502	0.409251427	0.694973833	0.637014823	0.692550207	0.68200175	0.855101031	0.734724287	0.95359916	0.720949115	0.834403698	0.422418604	0.826518173	0.705856533	0.566544303	0.643501699	0.765383915	0.916830112	0.760682256	0.701806715	0.883363187	0.287374263	0.798781829	0.903131918	0.257122696	0.509628175	0.319187141	0.663840224	0.439995576	0.587967288	0.730089677	0.649926001	0.695156982	0.569106217	0.400140583	0.744842185	0.577697466	0.624842851	0.632115203	0.619216312	0.764853556	0.604547998	0.680641499	0.61006164	0.635865208
13414.75.skin	0.751623999	0.447351997	0.375600824	0.75992288	0.513082565	0.631973031	0.542963993	0.678650033	0.411949164	0.569414959	0.78508712	0.584710458	0.545131008	0.721837564	0.490533981	0.673964306	0.561977628	0.668042434	0.533288633	0.690607207	0.825175707	0.628452562	0.636447134	0.515016008	0.589882357	0.602454467	0.660295339	0.559126551	0.556380699	0.538769994	0.48072395	0.971065993	0.57919639	0.398298875	0.597691685	0.213342888	0.596822706	0	0.573653134	0.680528008	0.779190712	0.566173986	0.501653255	0.361276743	0.797917031	0.657244673	0.844288509	0.620895816	0.963326067	0.679056493	0.830624369	0.53008107	0.70928937	0.591430164	0.31343416	0.515089099	0.712769746	0.926801271	0.584088392	0.66176441	0.865282548	0.541678378	0.759232733	0.88144461	0.614370406	0.655737992	0.537453304	0.569936064	0.581915446	0.245435985	0.690057484	0.564927779	0.601691419	0.370963889	0.568888727	0.593380881	0.277916685	0.502894832	0.51015936	0.504554521	0.554054981	0.315764658	0.58170428	0.474523832	0.613971051
