	13414.45.gill	13414.25.gill	13414.14.gill	13414.38.gill	13414.41.gill	13414.3.gill	13414.15.gill	13414.49.gill	13414.10.gill	13414.31.gill	13414.22.gill	13414.100.g	13414.27.gill	13414.16.gill	13414.20.gill	13414.101.g	13414.39.gill	13414.46.gill	13414.24.gill	13414.34.gill	13414.42.gill	13414.103.g	13414.21.gill	13414.40.gill	13414.18.gill	13414.11.gill	13414.37.gill	13414.47.gill	13414.30.gill	13414.29.gill	13414.12.gill	13414.13.gill	13414.19.gill	13414.4.gill	13414.28.gill	13414.26.gill	13414.17.gill	13414.33.gill	13414.6.gill	13414.66.gill	13414.7.gill	13414.84.gill	13414.55.gill	13414.48.gill	13414.73.gill	13414.86.gill	13414.43.gill	13414.50.gill	13414.78.gill	13414.68.gill	13414.5.gill	13414.54.gill	13414.36.gill	13414.62.gill	13414.72.gill	13414.63.gill	13414.81.gill	13414.69.gill	13414.65.gill	13414.53.gill	13414.70.gill	13414.59.gill	13414.58.gill	13414.9.gill	13414.79.gill	13414.51.gill	13414.71.gill	13414.82.gill	13414.74.gill	13414.61.gill	13414.77.gill	13414.52.gill	13414.67.gill	13414.88.gill	13414.8.gill	13414.83.gill	13414.95.g	13414.92.g	13414.93.g	13414.96.g	13414.75.gill	13414.2.gill	13414.32.gill	13414.60.gill	13414.99.g	13414.91.g	13414.A1.gill	13414.A10.gill	13414.85.gill	13414.A11.gill	13414.A12.gill	13414.A13.gill	13414.A14.gill	13414.A2.gill	13414.A20.gill	13414.A21.gill	13414.A23.gill	13414.A4.gill	13414.A5.gill	13414.89.g	13414.A8.gill	13414.A9.gill
13414.45.gill	0	0.831496073	0.800923162	0.790534005	0.839936217	0.874239637	0.84015265	0.830174205	0.919359186	0.845123678	0.931494633	0.89231989	0.859556278	0.725628787	0.794269744	0.955591436	0.752719896	0.789660519	0.788949451	0.934410715	0.853743302	0.897584214	0.869342902	0.74504398	0.778596873	0.806759517	0.74020158	0.895744472	0.77043281	0.770874557	0.83150442	0.761287849	0.747721193	0.872489577	0.827560126	0.762551215	0.842912998	0.897291288	0.714311225	0.935159177	0.798326812	0.862992673	0.828531344	0.887596647	0.782226908	0.72894384	0.890889636	0.823384451	0.837879543	0.847912526	0.860185087	0.875157439	0.879713801	0.806205994	0.810519347	0.883016753	0.7872095	0.774291087	0.887419995	0.738023048	0.737723485	0.738462164	0.914977581	0.819647148	0.830006926	0.827789028	0.777029119	0.865748759	0.880848884	0.754665007	0.840431467	0.823285092	0.876316071	0.723429837	0.816078384	0.74267326	0.900977084	0.906958125	0.914478055	0.887211136	0.876899239	0.811119413	0.89332488	0.880076785	0.817078715	0.87359323	0.830502639	0.864731956	0.867959708	0.935428013	0.842490659	0.902726394	0.830661337	0.802376963	0.820815631	0.85255972	0.894162791	0.923483873	0.852658166	0.821645436	0.820086978	0.901952711
13414.25.gill	0.831496073	0	0.86304293	0.805942124	0.796038866	0.880640969	0.868425804	0.903556563	0.837867421	0.865699805	0.864669516	0.876174492	0.835313616	0.794901678	0.773617864	0.955688106	0.826833823	0.892852665	0.770257201	0.856803929	0.824240535	0.844590966	0.768955367	0.777279139	0.896831243	0.847900853	0.794291894	0.847112554	0.848978841	0.793311881	0.76732358	0.831201868	0.790858587	0.902470816	0.844809895	0.851632006	0.830126002	0.78644648	0.815560792	0.869247956	0.767005608	0.882475843	0.883933929	0.80908552	0.834458197	0.801383306	0.771100894	0.777187838	0.836234235	0.890983589	0.861658059	0.924123992	0.817805539	0.791213071	0.805232054	0.847444496	0.843065462	0.810580265	0.838709668	0.843652754	0.876180339	0.803180192	0.903135736	0.733121652	0.901745	0.863412304	0.865929614	0.861924088	0.824547971	0.866206887	0.839980052	0.876384684	0.9321069	0.836328239	0.780458293	0.853901747	0.833962633	0.855405853	0.834105607	0.917914011	0.829125253	0.808099831	0.836189542	0.866119366	0.833104433	0.83134453	0.846842931	0.832802018	0.805679746	0.886244878	0.817621778	0.860205562	0.859846575	0.842222359	0.885943781	0.880058224	0.871143684	0.823951412	0.815456278	0.81791611	0.829396039	0.800909113
13414.14.gill	0.800923162	0.86304293	0	0.867733782	0.819258775	0.880954751	0.780114578	0.838454471	0.948431536	0.793771892	0.934274042	0.903565861	0.889023006	0.769778566	0.778626757	0.909077608	0.735483858	0.820151772	0.770014553	0.941615564	0.848441887	0.873483005	0.839542661	0.791046333	0.8997404	0.85379834	0.742283997	0.922522124	0.805294279	0.845862721	0.883814446	0.857487755	0.82248342	0.880483005	0.842706957	0.813496996	0.793036118	0.899376387	0.729310746	0.952201019	0.831880956	0.825900166	0.896656875	0.904780354	0.902293897	0.822578442	0.915374257	0.852044081	0.877222367	0.844605539	0.826488223	0.903372821	0.894057332	0.888409131	0.837160836	0.928059553	0.856658901	0.873894206	0.930089408	0.771451558	0.751508017	0.878580149	0.878811853	0.838182135	0.86486463	0.862983841	0.877148955	0.913804737	0.879715239	0.874377081	0.891535885	0.8805897	0.914792439	0.859033976	0.869494875	0.899395602	0.889913949	0.929458335	0.925669306	0.905495247	0.923465791	0.886603415	0.907009636	0.897699992	0.891663703	0.898861163	0.875457438	0.911512701	0.907371871	0.952424058	0.87893543	0.927423691	0.864672817	0.883885202	0.854584417	0.891965607	0.922891902	0.94537179	0.876833897	0.892911263	0.870654384	0.928439106
13414.38.gill	0.790534005	0.805942124	0.867733782	0	0.702928426	0.715034252	0.891099354	0.809073715	0.901482921	0.81597924	0.924976999	0.865327879	0.873265012	0.834645786	0.755246317	0.918199826	0.793155164	0.862106304	0.730690647	0.920810994	0.748036779	0.865768943	0.822222929	0.750720538	0.812310541	0.859445949	0.771677449	0.877877742	0.800679746	0.752385634	0.825397459	0.735836092	0.871840401	0.746658909	0.769348857	0.885729214	0.71682067	0.868036393	0.82258321	0.919593342	0.79519098	0.874903234	0.879322813	0.86017661	0.820229366	0.815437313	0.827434856	0.724005481	0.835124953	0.806501281	0.700541082	0.913502995	0.830382723	0.83061094	0.790875238	0.880698535	0.822709398	0.789189705	0.840431674	0.7976773	0.830360557	0.80825983	0.777711693	0.772965803	0.878252858	0.885896077	0.827704966	0.756351231	0.866102325	0.854902689	0.837974505	0.819942157	0.884452871	0.76528376	0.821585641	0.82064442	0.867838192	0.89042773	0.863432241	0.854419515	0.839062826	0.785062857	0.83886642	0.850013985	0.833741955	0.826962169	0.815194391	0.833735341	0.848860074	0.922452405	0.806478828	0.871510382	0.829280764	0.817158267	0.820046195	0.762460743	0.880469125	0.891208626	0.766157629	0.841815153	0.789454066	0.858514868
13414.41.gill	0.839936217	0.796038866	0.819258775	0.702928426	0	0.707254514	0.784832695	0.782250904	0.903502288	0.73852003	0.91750493	0.877428779	0.849953271	0.806656653	0.674966032	0.88012938	0.737178916	0.850227441	0.759907851	0.913267952	0.625044391	0.82610914	0.775999128	0.724255902	0.851675359	0.821485106	0.76026767	0.881495174	0.739373825	0.807001286	0.815180804	0.783422755	0.807679356	0.727202327	0.770192475	0.829943647	0.689259236	0.841476789	0.809079235	0.914111217	0.693988479	0.786344375	0.899633209	0.861751535	0.862814804	0.82851627	0.837570226	0.752367311	0.828320623	0.723741418	0.660376994	0.915366883	0.829800024	0.850555744	0.781740671	0.914948705	0.805645766	0.82342901	0.858157064	0.772337161	0.8676537	0.827388335	0.773085226	0.670872957	0.864862556	0.839253559	0.849073767	0.841362061	0.806746245	0.872158975	0.87846177	0.842039353	0.873981308	0.816027272	0.814824853	0.85325578	0.839226604	0.876579237	0.868242804	0.898131317	0.847337464	0.805210872	0.847227419	0.829178775	0.858800512	0.842539841	0.799287322	0.850481371	0.869016238	0.929228854	0.815641081	0.880708336	0.823426283	0.833853582	0.825080618	0.796919263	0.885023061	0.895578211	0.802504919	0.854121666	0.847136034	0.862170499
13414.3.gill	0.874239637	0.880640969	0.880954751	0.715034252	0.707254514	0	0.849917784	0.744349004	0.940115712	0.814589558	0.957031351	0.887367538	0.888393868	0.847311854	0.774470787	0.891200367	0.759672108	0.87221525	0.794522903	0.953953823	0.684275188	0.870005287	0.891369098	0.743747204	0.748005505	0.825560483	0.795264299	0.91445723	0.802119923	0.870031127	0.865210474	0.749996924	0.842899028	0.51795214	0.825788731	0.83146816	0.70686095	0.909685352	0.837579514	0.945193373	0.798022355	0.805299571	0.933733053	0.898195213	0.864054319	0.860084545	0.902905994	0.703102159	0.878619371	0.71138907	0.600644566	0.948978866	0.882183879	0.899078235	0.822251899	0.925313217	0.840486082	0.882567507	0.896284912	0.853453277	0.860215768	0.857743509	0.779837279	0.782058701	0.835765612	0.873848807	0.884234896	0.821675868	0.864663253	0.901955024	0.900108327	0.862204658	0.849598102	0.792956152	0.858421241	0.807878905	0.887684551	0.921223502	0.908670291	0.814852017	0.893666893	0.850675504	0.901757413	0.838979883	0.870620792	0.876111558	0.82196806	0.879529181	0.895870159	0.95433852	0.822378805	0.860821857	0.829762322	0.816355376	0.792173538	0.683993119	0.909011762	0.928306058	0.825627006	0.843555189	0.848859017	0.901856017
13414.15.gill	0.84015265	0.868425804	0.780114578	0.891099354	0.784832695	0.849917784	0	0.780943149	0.965931578	0.722510476	0.961350043	0.892519822	0.889394875	0.761493621	0.735445049	0.90279594	0.729521551	0.839049355	0.812695073	0.961941445	0.842632363	0.860028066	0.871380254	0.834946468	0.861274551	0.828943556	0.810116528	0.929426839	0.774817959	0.887797547	0.918458964	0.883146996	0.789450985	0.851021635	0.8391594	0.782250856	0.862556064	0.926121821	0.803661726	0.95772678	0.838299775	0.740472462	0.907070288	0.906326097	0.875694979	0.866700462	0.919727681	0.862876487	0.900810101	0.798926331	0.877568494	0.915066602	0.918436116	0.910497804	0.877356554	0.957315772	0.813472556	0.880797151	0.929882461	0.778154109	0.830014311	0.883785637	0.825594789	0.828344619	0.797647244	0.778030937	0.841234399	0.899059224	0.82707967	0.894030921	0.926246435	0.835942297	0.864662401	0.845468567	0.903781275	0.857022712	0.869448632	0.936583362	0.923062213	0.886688585	0.92986208	0.895322762	0.92205975	0.904103277	0.890156205	0.896331151	0.870515265	0.913639479	0.922847716	0.9670419	0.878263291	0.926163847	0.841261285	0.869087965	0.834493792	0.863073224	0.925843352	0.946145387	0.859472253	0.884812085	0.890778635	0.930599773
13414.49.gill	0.830174205	0.903556563	0.838454471	0.809073715	0.782250904	0.744349004	0.780943149	0	0.957638142	0.761179801	0.972709794	0.915586762	0.939201074	0.878081975	0.853676425	0.815665422	0.759985506	0.801481926	0.836521117	0.967701051	0.811776348	0.890137375	0.917303205	0.827538913	0.794831211	0.857693315	0.813699861	0.941658763	0.825276744	0.894749125	0.915357963	0.856272906	0.838921673	0.751655904	0.877737382	0.874222518	0.799299849	0.92491982	0.821097311	0.965792335	0.843598161	0.764796001	0.92867309	0.904326431	0.887990476	0.851713935	0.941462229	0.777843417	0.897098108	0.676112353	0.71661103	0.934968572	0.922324291	0.925356938	0.865130085	0.95068003	0.825371498	0.911020405	0.93742219	0.839439267	0.842488546	0.884439964	0.805402753	0.848168219	0.836946001	0.837657481	0.887816688	0.869482073	0.855922331	0.90627422	0.949117388	0.869054649	0.840175447	0.795956842	0.897308267	0.847870486	0.90291513	0.937807683	0.938616627	0.835535897	0.920767354	0.897173314	0.934963814	0.897033578	0.873608069	0.922646466	0.88299261	0.923803882	0.938396096	0.96191174	0.893776755	0.932205191	0.891822192	0.864592287	0.797120229	0.713205632	0.93955115	0.9547871	0.861215318	0.890621625	0.890424832	0.936596073
13414.10.gill	0.919359186	0.837867421	0.948431536	0.901482921	0.903502288	0.940115712	0.965931578	0.957638142	0	0.948731424	0.813527662	0.927157252	0.89165999	0.88811852	0.920614867	0.978964353	0.936960333	0.954566344	0.906053915	0.820775803	0.916158811	0.922851597	0.859131439	0.908490824	0.949064475	0.918624582	0.917577253	0.894125241	0.932090902	0.876634725	0.832164966	0.895941898	0.925288079	0.957490612	0.927879954	0.940374095	0.913062478	0.827552446	0.911581354	0.869696235	0.878264519	0.959027604	0.918838936	0.875862268	0.920366484	0.908931274	0.841033172	0.908496398	0.893235014	0.948531079	0.923904891	0.958759791	0.87339036	0.850824862	0.880460009	0.85805436	0.925181209	0.878687712	0.892304047	0.931194626	0.953306642	0.882257652	0.95730806	0.876597573	0.955069998	0.944742577	0.935323344	0.933887621	0.920181952	0.937755309	0.879332637	0.938442236	0.96964381	0.919091991	0.85967248	0.925054294	0.912067676	0.895121058	0.892744749	0.969569923	0.876853564	0.869770158	0.892396387	0.932455846	0.91296041	0.881535147	0.91575416	0.898744966	0.849206674	0.877376593	0.899350053	0.911961724	0.924181951	0.920763612	0.940797123	0.951314068	0.904619777	0.843187943	0.905035147	0.91762872	0.901505706	0.852656252
13414.31.gill	0.845123678	0.865699805	0.793771892	0.81597924	0.73852003	0.814589558	0.722510476	0.761179801	0.948731424	0	0.950244517	0.889613566	0.886391777	0.850172764	0.722256357	0.910548321	0.704118372	0.81689481	0.803313879	0.949790462	0.816220985	0.866242931	0.860816816	0.802721443	0.868732372	0.849331882	0.829320496	0.904444617	0.78739552	0.860311247	0.897590968	0.848609863	0.830753519	0.800486025	0.810423865	0.850945682	0.866631164	0.903613771	0.786214822	0.946893906	0.789699101	0.805062879	0.91444595	0.884702809	0.870707559	0.866265009	0.895155765	0.821146843	0.851168289	0.829962158	0.803020136	0.902507847	0.901578841	0.870686509	0.818406375	0.929129863	0.826450906	0.869117112	0.907243658	0.815222513	0.813348691	0.863394059	0.760161112	0.79843122	0.820293688	0.828814837	0.872169863	0.86775237	0.788747551	0.888530541	0.89049127	0.84894858	0.886491844	0.839983615	0.853418124	0.849230662	0.846252224	0.90633566	0.914338266	0.887759918	0.901683322	0.858308875	0.90149041	0.883269384	0.896377455	0.856070983	0.83018145	0.8886934	0.897467842	0.947713875	0.849553668	0.908623313	0.815911175	0.807551322	0.82949863	0.821705585	0.914051739	0.925857907	0.818530265	0.878862802	0.859998884	0.907619959
13414.22.gill	0.931494633	0.864669516	0.934274042	0.924976999	0.91750493	0.957031351	0.961350043	0.972709794	0.813527662	0.950244517	0	0.939843607	0.908630031	0.896049607	0.922491608	0.9854284	0.94619368	0.963160045	0.907726222	0.797356326	0.937160869	0.947013655	0.874537763	0.913911738	0.966611994	0.936154948	0.923593582	0.898358069	0.939137368	0.888477406	0.837788206	0.928189082	0.922217531	0.970571999	0.941832542	0.944982979	0.930533864	0.844741666	0.917775929	0.882733982	0.90498995	0.963834584	0.896383726	0.901562519	0.928931131	0.918486164	0.860658332	0.924865528	0.916445566	0.9583232	0.948854509	0.945231746	0.880418252	0.87736125	0.899671977	0.865787429	0.939006337	0.882596832	0.908126842	0.932420351	0.950616064	0.891134133	0.969284343	0.904828118	0.958093924	0.949931397	0.935648431	0.950198567	0.940610047	0.935137205	0.885235687	0.959299149	0.979704869	0.933972186	0.870120994	0.938153874	0.932158201	0.911319992	0.920776256	0.970428164	0.897040318	0.90750131	0.917026182	0.943348074	0.932126652	0.915925803	0.928798621	0.911365897	0.883971924	0.887492278	0.924622948	0.933615542	0.938613957	0.949395537	0.962374861	0.963541083	0.917916495	0.864764733	0.925090059	0.939299824	0.930335252	0.869939183
13414.100.g	0.89231989	0.876174492	0.903565861	0.865327879	0.877428779	0.887367538	0.892519822	0.915586762	0.927157252	0.889613566	0.939843607	0	0.891494998	0.881425197	0.828803097	0.940182702	0.883179586	0.936594523	0.91926055	0.933463817	0.885170149	0.831615701	0.879847644	0.874944953	0.912108755	0.902464281	0.868329017	0.919507387	0.88160374	0.889920297	0.894305396	0.890647114	0.910967151	0.923848646	0.905496452	0.894737062	0.911696521	0.902486565	0.894796965	0.922890721	0.869071546	0.909289802	0.91217336	0.879337259	0.875458594	0.888274405	0.85990848	0.846134101	0.874736433	0.918049931	0.901886802	0.920774727	0.878076013	0.888842167	0.870357596	0.916811009	0.856318957	0.882601923	0.894576377	0.841791926	0.912586382	0.876827771	0.923194589	0.83745179	0.888473002	0.898135253	0.875132299	0.880968556	0.864534704	0.902706048	0.897478963	0.866972779	0.93458823	0.865779986	0.884826466	0.867580151	0.802138029	0.904261068	0.871716293	0.903852357	0.890014444	0.847835865	0.875595564	0.859241161	0.870024039	0.843287102	0.853636458	0.881478294	0.884931607	0.931576851	0.83595187	0.875066706	0.855240436	0.874589872	0.853583883	0.885694474	0.884304731	0.895563572	0.804050274	0.873668205	0.858947591	0.853852439
13414.27.gill	0.859556278	0.835313616	0.889023006	0.873265012	0.849953271	0.888393868	0.889394875	0.939201074	0.89165999	0.886391777	0.908630031	0.891494998	0	0.808600711	0.79892886	0.965954037	0.860963604	0.908872054	0.842621165	0.919101048	0.884952381	0.871545964	0.850644682	0.816455464	0.906693068	0.869899885	0.846709587	0.882052801	0.850551115	0.837887696	0.809388127	0.853000054	0.855743993	0.922813616	0.849775831	0.840325693	0.887990089	0.876454364	0.845768785	0.901805566	0.800236934	0.908707708	0.876831187	0.885901105	0.83930753	0.852620675	0.880718541	0.866435705	0.856431345	0.919179338	0.905308338	0.922770424	0.878047263	0.834581043	0.837697413	0.899607371	0.848630599	0.833283542	0.888071557	0.861920354	0.910419733	0.846291869	0.903371981	0.818426642	0.910430428	0.894006242	0.86510714	0.891831831	0.877308592	0.883514207	0.855812971	0.901358036	0.953331315	0.863787479	0.829929432	0.860288366	0.897945606	0.862224928	0.896292884	0.931006587	0.882682913	0.818911009	0.883880502	0.870168991	0.872337986	0.857875813	0.845139741	0.849316647	0.858401341	0.912635794	0.837905812	0.879382449	0.845963933	0.862429975	0.905550149	0.91680813	0.872163513	0.898792256	0.852576796	0.875476285	0.876122416	0.876506125
13414.16.gill	0.725628787	0.794901678	0.769778566	0.834645786	0.806656653	0.847311854	0.761493621	0.878081975	0.88811852	0.850172764	0.896049607	0.881425197	0.808600711	0	0.761916189	0.957145985	0.804680685	0.855015217	0.712685188	0.916456655	0.850678645	0.876341387	0.840952151	0.667052229	0.827281686	0.752833253	0.761286782	0.885910853	0.812050275	0.765997075	0.773204175	0.787940733	0.699673927	0.897401834	0.846676936	0.775052091	0.829508091	0.864767199	0.705328122	0.921349142	0.733069846	0.865192331	0.837359881	0.867646761	0.810326479	0.752876104	0.878886871	0.834442924	0.829599243	0.82791146	0.843709363	0.892549145	0.85322156	0.820275247	0.813026669	0.885284696	0.79464408	0.784016135	0.874862433	0.8054472	0.79124346	0.760420715	0.931419534	0.797997543	0.872710294	0.828879128	0.819796437	0.890943962	0.881998305	0.806259428	0.8472676	0.843715041	0.882662851	0.752251437	0.795791725	0.79885068	0.91138622	0.882534651	0.911261032	0.913853384	0.840240741	0.779170705	0.881031804	0.879412013	0.813412006	0.844745774	0.824658761	0.845335953	0.849149179	0.909550366	0.836183242	0.876643509	0.834348772	0.830784985	0.843304535	0.868356264	0.859863322	0.895500597	0.861606652	0.830132323	0.826171581	0.870863528
13414.20.gill	0.794269744	0.773617864	0.778626757	0.755246317	0.674966032	0.774470787	0.735445049	0.853676425	0.920614867	0.722256357	0.922491608	0.828803097	0.79892886	0.761916189	0	0.936980006	0.727974144	0.828327874	0.694447169	0.920173975	0.774175259	0.805464106	0.774182099	0.667139001	0.820613746	0.771492421	0.70559941	0.878981802	0.715410997	0.745860158	0.810124652	0.807755459	0.740763336	0.79135654	0.708728956	0.769186539	0.802903049	0.845390606	0.746625738	0.915499836	0.702087057	0.79911521	0.86222138	0.862189686	0.780846145	0.764107576	0.842415482	0.771939928	0.813512707	0.832353173	0.793926893	0.902262767	0.839727967	0.821757999	0.80506184	0.903724646	0.78607279	0.795578435	0.866214723	0.730918017	0.770404461	0.819302021	0.785744885	0.683805307	0.774098765	0.82009995	0.79086104	0.813036745	0.768070011	0.81426799	0.842997342	0.778586157	0.886748459	0.786263603	0.803268566	0.770873762	0.822862679	0.884720852	0.861131239	0.839785295	0.855571474	0.782186114	0.861266219	0.829450052	0.842729669	0.805058998	0.783874797	0.83145159	0.855208482	0.929728399	0.758726497	0.86177267	0.777593551	0.756094788	0.799140766	0.789169939	0.872589489	0.897545469	0.784252117	0.814381829	0.792590061	0.86631898
13414.101.g	0.955591436	0.955688106	0.909077608	0.918199826	0.88012938	0.891200367	0.90279594	0.815665422	0.978964353	0.910548321	0.9854284	0.940182702	0.965954037	0.957145985	0.936980006	0	0.915210366	0.944953269	0.940171536	0.981998884	0.893114632	0.919698698	0.949537352	0.951051032	0.921710638	0.942243441	0.927345706	0.962881355	0.924148364	0.965230474	0.96625733	0.929211021	0.954836111	0.92016691	0.945867011	0.930726948	0.891886006	0.96245499	0.9447014	0.98034316	0.925303745	0.886176004	0.954280186	0.964061828	0.96439271	0.956289508	0.957059053	0.913587975	0.960083013	0.897774401	0.815160021	0.973114709	0.955530206	0.968460591	0.929524222	0.978023208	0.925003037	0.961704632	0.971050305	0.920795623	0.928429333	0.958790504	0.864991804	0.92473737	0.933462439	0.934006535	0.947303405	0.929857253	0.94405217	0.953959167	0.970669421	0.939444118	0.920933823	0.921709258	0.961810799	0.939941609	0.933873085	0.959098646	0.955231202	0.866484923	0.961122034	0.95178164	0.933822255	0.941271233	0.943217909	0.949808311	0.908201659	0.950998738	0.967778903	0.981832489	0.932215431	0.962048972	0.915498451	0.934648632	0.864097686	0.823016083	0.961922975	0.972730687	0.927149229	0.924534317	0.9388457	0.959989081
13414.39.gill	0.752719896	0.826833823	0.735483858	0.793155164	0.737178916	0.759672108	0.729521551	0.759985506	0.936960333	0.704118372	0.94619368	0.883179586	0.860963604	0.804680685	0.727974144	0.915210366	0	0.727716603	0.788427705	0.951342332	0.751517641	0.839548486	0.852519236	0.752055178	0.844208641	0.726370677	0.722890193	0.916008241	0.702651509	0.819813761	0.860532072	0.790766866	0.76437498	0.74016844	0.752362001	0.789232805	0.781239676	0.907125904	0.613061845	0.945007591	0.741910201	0.711613996	0.882265402	0.894281455	0.82181657	0.768468479	0.905106852	0.787442239	0.85559493	0.752231636	0.780201697	0.901189407	0.894585647	0.849523068	0.774376024	0.920694678	0.748505494	0.839205235	0.900259896	0.73830796	0.700416778	0.845132069	0.83823165	0.748604293	0.785344074	0.788208413	0.773775574	0.865663667	0.863823025	0.847545444	0.867269555	0.766961087	0.872636468	0.725166463	0.818573165	0.773674404	0.872618582	0.913794693	0.913571586	0.837631724	0.908580836	0.850631366	0.899793162	0.889306765	0.830193571	0.868492266	0.821426508	0.876117237	0.89320536	0.951812732	0.80759004	0.891656423	0.808183982	0.787013999	0.815038246	0.836390261	0.904438836	0.929345735	0.814163188	0.820838512	0.829745999	0.898227186
13414.46.gill	0.789660519	0.892852665	0.820151772	0.862106304	0.850227441	0.87221525	0.839049355	0.801481926	0.954566344	0.81689481	0.963160045	0.936594523	0.908872054	0.855015217	0.828327874	0.944953269	0.727716603	0	0.849025006	0.964986503	0.875620813	0.923175395	0.906935293	0.831679797	0.820386667	0.890545455	0.824832781	0.928150859	0.824722075	0.884245402	0.902806968	0.858250031	0.840734005	0.84138829	0.818234696	0.841527674	0.864003233	0.922765747	0.785875733	0.958563696	0.849189405	0.887491847	0.919592405	0.916975918	0.875031697	0.83604406	0.945698233	0.849154952	0.889710776	0.820688351	0.8744669	0.916981829	0.925503827	0.889156491	0.86919393	0.94321043	0.813386328	0.893715592	0.934622952	0.829578656	0.76713192	0.867469331	0.876027942	0.883987665	0.878975648	0.859287025	0.865769798	0.888333707	0.901806166	0.863088279	0.917942122	0.888820831	0.897381592	0.85602385	0.876791907	0.874706739	0.924988688	0.944866972	0.956658806	0.90709539	0.932229648	0.884253619	0.946360723	0.920904094	0.90615176	0.927989273	0.908864544	0.9288435	0.936357011	0.966306475	0.917923098	0.946695511	0.905903549	0.890858032	0.879333397	0.873678208	0.94740688	0.959555912	0.909232378	0.924502772	0.921198762	0.935206926
13414.24.gill	0.788949451	0.770257201	0.770014553	0.730690647	0.759907851	0.794522903	0.812695073	0.836521117	0.906053915	0.803313879	0.907726222	0.91926055	0.842621165	0.712685188	0.694447169	0.940171536	0.788427705	0.849025006	0	0.917071829	0.799555963	0.901690328	0.796363997	0.646765938	0.847025445	0.795327724	0.702230758	0.869861321	0.798305857	0.76076331	0.793649883	0.7760932	0.684381664	0.812208277	0.798988102	0.837587127	0.755467644	0.85163752	0.756570271	0.924650754	0.740281358	0.85141975	0.894259227	0.86437271	0.846589264	0.796340507	0.872972482	0.764342769	0.864427606	0.808435298	0.757017648	0.930020611	0.832924155	0.845563562	0.797980906	0.886610054	0.822053171	0.810740037	0.871129726	0.823819237	0.800381175	0.819106253	0.827703924	0.784357832	0.892793205	0.84189847	0.849570767	0.85525883	0.865665966	0.864247638	0.866024495	0.908988022	0.923577908	0.801150516	0.773108713	0.828326037	0.87911173	0.888727572	0.901602861	0.892260859	0.840358568	0.822424392	0.89316143	0.891460507	0.850958853	0.876091939	0.874609385	0.862799753	0.862554553	0.929578926	0.850450432	0.894638908	0.847080668	0.845925105	0.882278373	0.821128186	0.899938712	0.897570047	0.844081718	0.841909554	0.847100318	0.880820005
13414.34.gill	0.934410715	0.856803929	0.941615564	0.920810994	0.913267952	0.953953823	0.961941445	0.967701051	0.820775803	0.949790462	0.797356326	0.933463817	0.919101048	0.916456655	0.920173975	0.981998884	0.951342332	0.964986503	0.917071829	0	0.934405665	0.934415929	0.837518831	0.91927162	0.962072313	0.957387474	0.915928502	0.904372432	0.944652138	0.893105442	0.885577852	0.926781745	0.938241793	0.967797165	0.937286445	0.950771976	0.927801976	0.822012682	0.939763308	0.886675034	0.919510513	0.968977861	0.940723594	0.891114211	0.941845145	0.939000207	0.832529483	0.918105766	0.919257266	0.956463888	0.942841311	0.961461299	0.888151316	0.894142103	0.920659095	0.875300147	0.943520931	0.90664401	0.909832129	0.932824834	0.9537769	0.909999077	0.965644843	0.903183664	0.971217311	0.951583425	0.94620325	0.946641337	0.928168878	0.946025713	0.91209759	0.964628681	0.978003714	0.949063469	0.886923056	0.950927642	0.925875243	0.926052945	0.913222798	0.97478559	0.902396625	0.900984304	0.922325388	0.943534519	0.939519484	0.927865488	0.9413831	0.930883107	0.898813612	0.903179915	0.934997049	0.940086179	0.950097785	0.949622465	0.9523197	0.958095327	0.92830978	0.861018688	0.917167192	0.942254072	0.934808527	0.874750666
13414.42.gill	0.853743302	0.824240535	0.848441887	0.748036779	0.625044391	0.684275188	0.842632363	0.811776348	0.916158811	0.816220985	0.937160869	0.885170149	0.884952381	0.850678645	0.774175259	0.893114632	0.751517641	0.875620813	0.799555963	0.934405665	0	0.806474965	0.82459105	0.776024385	0.834118677	0.819424626	0.777863481	0.896659464	0.797141144	0.863090432	0.850249876	0.742347216	0.823182828	0.667713436	0.856173075	0.874007498	0.654014531	0.88020749	0.804499095	0.931583447	0.765605125	0.792035956	0.92185462	0.872553439	0.877470849	0.852484238	0.855985759	0.739386027	0.864791321	0.735035574	0.619341237	0.941061182	0.858878367	0.873281669	0.799180403	0.92127238	0.802979291	0.857397845	0.873892428	0.806639634	0.897427642	0.852609765	0.795528776	0.706660971	0.866240137	0.86577545	0.861966574	0.865221974	0.852241942	0.898314079	0.904770229	0.839861521	0.858679506	0.809389248	0.831982591	0.816926143	0.840458186	0.895355761	0.868371006	0.848474969	0.867194844	0.82171794	0.875519091	0.826171717	0.856765035	0.845161154	0.803374704	0.867805307	0.889864788	0.943898134	0.8111845	0.876436234	0.803959391	0.805890971	0.80968067	0.763653728	0.903814213	0.907742739	0.797654042	0.841339398	0.834527088	0.880395325
13414.103.g	0.897584214	0.844590966	0.873483005	0.865768943	0.82610914	0.870005287	0.860028066	0.890137375	0.922851597	0.866242931	0.947013655	0.831615701	0.871545964	0.876341387	0.805464106	0.919698698	0.839548486	0.923175395	0.901690328	0.934415929	0.806474965	0	0.856439435	0.867844725	0.898354214	0.883607813	0.774446241	0.911825823	0.88111401	0.888674075	0.902860648	0.873905897	0.898033163	0.878647445	0.888112864	0.901570913	0.873178523	0.88684617	0.884264884	0.908744542	0.822532821	0.870299978	0.90559951	0.813301515	0.881228051	0.883550639	0.861768751	0.848436736	0.858669108	0.881215248	0.858430273	0.931630777	0.873155575	0.890012992	0.872556732	0.933251021	0.851086389	0.885248097	0.897895722	0.816478131	0.914560602	0.87922276	0.895086764	0.809576872	0.892263124	0.874902845	0.865638472	0.884274449	0.826464253	0.90697089	0.883110901	0.841066161	0.924058965	0.8679213	0.87390914	0.851873515	0.841390593	0.837613605	0.848076139	0.897379463	0.902021971	0.818007968	0.875592499	0.801440985	0.852942834	0.820225902	0.8126142	0.830848521	0.876863938	0.924615172	0.792366905	0.889634547	0.862337473	0.845584574	0.861209573	0.889370999	0.874965784	0.899362421	0.812575466	0.83665905	0.844146986	0.866319023
13414.21.gill	0.869342902	0.768955367	0.839542661	0.822222929	0.775999128	0.891369098	0.871380254	0.917303205	0.859131439	0.860816816	0.874537763	0.879847644	0.850644682	0.840952151	0.774182099	0.949537352	0.852519236	0.906935293	0.796363997	0.837518831	0.82459105	0.856439435	0	0.83682543	0.92975361	0.883874727	0.808029926	0.88369396	0.852223623	0.809447868	0.828452198	0.848727807	0.860917076	0.900385461	0.839148397	0.883905128	0.824640465	0.798200109	0.847151552	0.89895315	0.824952862	0.892721132	0.901759177	0.839131894	0.879829301	0.873472319	0.788577863	0.841410929	0.865658726	0.890148532	0.850002186	0.922525687	0.826569105	0.847364167	0.819816183	0.876361132	0.85723101	0.835721425	0.864782999	0.829765921	0.885824235	0.848429789	0.88572735	0.748010092	0.922556847	0.874345412	0.884572334	0.888749997	0.843147936	0.901401971	0.867381936	0.90200846	0.951925274	0.887987614	0.843075193	0.903064287	0.846149781	0.885733718	0.84943703	0.931325542	0.854613371	0.827815869	0.87031823	0.883101854	0.888361362	0.873561584	0.865986895	0.881592331	0.832975238	0.920251397	0.836307604	0.888498677	0.872138816	0.877118224	0.900946152	0.905379403	0.892795934	0.866647457	0.840649012	0.886202519	0.852001971	0.840453849
13414.40.gill	0.74504398	0.777279139	0.791046333	0.750720538	0.724255902	0.743747204	0.834946468	0.827538913	0.908490824	0.802721443	0.913911738	0.874944953	0.816455464	0.667052229	0.667139001	0.951051032	0.752055178	0.831679797	0.646765938	0.91927162	0.776024385	0.867844725	0.83682543	0	0.752595179	0.745988371	0.699692341	0.871919235	0.79020828	0.730928041	0.74201736	0.737228399	0.681723084	0.790233945	0.748859149	0.737458107	0.791421424	0.849436106	0.622780707	0.91634989	0.638664002	0.822344223	0.854995709	0.863814893	0.783370458	0.713320991	0.855246667	0.734587635	0.793286834	0.798608313	0.790095935	0.907194297	0.851373656	0.835865197	0.81347456	0.890171726	0.754885525	0.752971652	0.857897459	0.804476832	0.733295183	0.777553467	0.873287627	0.731003373	0.834474501	0.824223796	0.794869101	0.815309489	0.836630773	0.821323711	0.847539717	0.820657777	0.810085915	0.739216864	0.771654623	0.75191507	0.88582055	0.88862738	0.890231557	0.844344712	0.812424208	0.755394324	0.860013604	0.828124716	0.798390103	0.835995996	0.750960439	0.818737	0.84496859	0.913682579	0.795410198	0.848022838	0.796286332	0.747385481	0.79177804	0.780891789	0.853273228	0.900481442	0.812460107	0.777138185	0.769290511	0.861283658
13414.18.gill	0.778596873	0.896831243	0.8997404	0.812310541	0.851675359	0.748005505	0.861274551	0.794831211	0.949064475	0.868732372	0.966611994	0.912108755	0.906693068	0.827281686	0.820613746	0.921710638	0.844208641	0.820386667	0.847025445	0.962072313	0.834118677	0.898354214	0.92975361	0.752595179	0	0.883846127	0.82330158	0.91023186	0.834618386	0.861162969	0.894665057	0.788714514	0.833469892	0.751745516	0.865112246	0.717625028	0.852158825	0.932064372	0.805362995	0.962838323	0.853959268	0.84271674	0.931885891	0.933264761	0.855411378	0.824059979	0.914390142	0.764986989	0.884243117	0.80587521	0.821592666	0.961033832	0.925921811	0.920589476	0.879554955	0.946500196	0.8207775	0.891686664	0.908749076	0.871163886	0.734816987	0.854485898	0.838448338	0.852603242	0.800808192	0.906120549	0.884894204	0.83512947	0.902452701	0.89737809	0.928801913	0.846592268	0.753040261	0.804088325	0.892474713	0.773183693	0.910543814	0.943838313	0.941689331	0.796515892	0.884784844	0.813233885	0.922590701	0.887578287	0.872798112	0.904407467	0.822212741	0.904640113	0.919376579	0.959374945	0.857662222	0.912172296	0.82377147	0.779761933	0.782782096	0.783784926	0.920689719	0.948742015	0.87943356	0.838980028	0.857563247	0.918218313
13414.11.gill	0.806759517	0.847900853	0.85379834	0.859445949	0.821485106	0.825560483	0.828943556	0.857693315	0.918624582	0.849331882	0.936154948	0.902464281	0.869899885	0.752833253	0.771492421	0.942243441	0.726370677	0.890545455	0.795327724	0.957387474	0.819424626	0.883607813	0.883874727	0.745988371	0.883846127	0	0.796892206	0.933351938	0.799844586	0.812868892	0.803195096	0.818721429	0.699913466	0.859807285	0.871596432	0.828223426	0.824325192	0.919466544	0.65283008	0.953889076	0.708573955	0.766415343	0.872664953	0.909736683	0.834259799	0.754557264	0.915584728	0.840677323	0.887772612	0.796420957	0.82907483	0.92847802	0.879168191	0.875714906	0.801759722	0.933053103	0.819649502	0.835245973	0.914441192	0.832721816	0.837859424	0.851359766	0.916476371	0.770524523	0.795371608	0.829752803	0.817347058	0.9154098	0.898460958	0.852010682	0.887505459	0.79214617	0.87566576	0.735328298	0.828369555	0.737178409	0.89511412	0.915167476	0.922468152	0.823936725	0.897544432	0.865682083	0.878533912	0.908146644	0.80402751	0.870040487	0.832218641	0.828623765	0.879997772	0.944642108	0.786854692	0.890026468	0.815760577	0.781433599	0.83606579	0.853489176	0.881428131	0.920903992	0.836945941	0.793788117	0.82732788	0.91247609
13414.37.gill	0.74020158	0.794291894	0.742283997	0.771677449	0.76026767	0.795264299	0.810116528	0.813699861	0.917577253	0.829320496	0.923593582	0.868329017	0.846709587	0.761286782	0.70559941	0.927345706	0.722890193	0.824832781	0.702230758	0.915928502	0.777863481	0.774446241	0.808029926	0.699692341	0.82330158	0.796892206	0	0.90304184	0.787996885	0.795306677	0.820037596	0.750892557	0.747508606	0.844715696	0.819244968	0.7938688	0.782335526	0.85305372	0.70642015	0.914879718	0.733672266	0.821788133	0.851749995	0.805527954	0.808496861	0.762173668	0.88417542	0.761575225	0.812700173	0.776986443	0.782665593	0.914377685	0.868812708	0.858747289	0.829188864	0.904744022	0.796192226	0.792154701	0.885811732	0.759227936	0.76360127	0.842219203	0.890510129	0.778818198	0.855895662	0.818621107	0.820281189	0.878927614	0.878817653	0.843572593	0.853769025	0.847563942	0.886110569	0.746804361	0.796416634	0.778301085	0.865624176	0.84894339	0.897654559	0.858669233	0.89031332	0.808070587	0.864613766	0.816444168	0.851295523	0.854859154	0.803795385	0.804075257	0.87325926	0.916283246	0.801687018	0.885250736	0.821197318	0.837814287	0.806019951	0.823326434	0.873321178	0.909054918	0.827657908	0.820893691	0.832671002	0.868185982
13414.47.gill	0.895744472	0.847112554	0.922522124	0.877877742	0.881495174	0.91445723	0.929426839	0.941658763	0.894125241	0.904444617	0.898358069	0.919507387	0.882052801	0.885910853	0.878981802	0.962881355	0.916008241	0.928150859	0.869861321	0.904372432	0.896659464	0.911825823	0.88369396	0.871919235	0.91023186	0.933351938	0.90304184	0	0.909551548	0.879962891	0.872502904	0.886868407	0.903563777	0.930921253	0.903557815	0.88850658	0.904017483	0.87695505	0.906113023	0.891076749	0.881032213	0.933085085	0.92091511	0.867792539	0.91535421	0.919401291	0.823196153	0.847161861	0.894150224	0.926981291	0.910160117	0.952096577	0.843149757	0.849100861	0.877036313	0.878511984	0.89052599	0.889743526	0.864001415	0.909638104	0.923858905	0.843426125	0.926797166	0.86217463	0.94279673	0.932107962	0.917417842	0.897527488	0.888928639	0.920134641	0.897110076	0.941649545	0.966534292	0.917547544	0.865991981	0.915768068	0.905489818	0.925426244	0.879230174	0.938400215	0.867548933	0.851553862	0.89306573	0.921669974	0.91191952	0.886007434	0.895686566	0.902735306	0.860838773	0.911579141	0.898479288	0.911433359	0.900559941	0.898473052	0.928891266	0.925139207	0.906814865	0.868507805	0.867279438	0.888532133	0.89573403	0.868092583
13414.30.gill	0.77043281	0.848978841	0.805294279	0.800679746	0.739373825	0.802119923	0.774817959	0.825276744	0.932090902	0.78739552	0.939137368	0.88160374	0.850551115	0.812050275	0.715410997	0.924148364	0.702651509	0.824722075	0.798305857	0.944652138	0.797141144	0.88111401	0.852223623	0.79020828	0.834618386	0.799844586	0.787996885	0.909551548	0	0.835153453	0.864647448	0.697641335	0.803917252	0.809814138	0.806712476	0.791427806	0.822193814	0.904364712	0.745502258	0.941790118	0.761868047	0.783457337	0.880045868	0.901660657	0.836108986	0.759983424	0.889550698	0.791631453	0.846944776	0.78280488	0.834374594	0.906564057	0.879355976	0.86347181	0.802096785	0.929711416	0.786106256	0.818994354	0.895358696	0.750953675	0.80199352	0.84492424	0.793434944	0.73827663	0.739733913	0.839011891	0.814076778	0.875839794	0.858809456	0.833207038	0.876664139	0.811075757	0.877631243	0.752905648	0.816636346	0.794170357	0.852677324	0.907348314	0.893706231	0.879155394	0.898070739	0.844216772	0.883549996	0.881480453	0.863305003	0.859447275	0.807813988	0.873751054	0.881328671	0.944063806	0.793053084	0.892430394	0.770335251	0.771615638	0.831566432	0.814327058	0.892305851	0.927450681	0.818480797	0.841365995	0.846568192	0.896432129
13414.29.gill	0.770874557	0.793311881	0.845862721	0.752385634	0.807001286	0.870031127	0.887797547	0.894749125	0.876634725	0.860311247	0.888477406	0.889920297	0.837887696	0.765997075	0.745860158	0.965230474	0.819813761	0.884245402	0.76076331	0.893105442	0.863090432	0.888674075	0.809447868	0.730928041	0.861162969	0.812868892	0.795306677	0.879962891	0.835153453	0	0.793596699	0.783441328	0.803463059	0.87727472	0.739300928	0.809929143	0.849776066	0.853504488	0.755459369	0.908346269	0.756289212	0.883296195	0.854220894	0.863557255	0.819699228	0.777028832	0.810756597	0.832080012	0.810180967	0.897678158	0.856323704	0.91576397	0.830585552	0.818583017	0.787627992	0.8501858	0.821077682	0.762689434	0.829039656	0.857402807	0.803991572	0.798901922	0.88188062	0.78806582	0.876038298	0.849240524	0.851510981	0.843667941	0.854272743	0.843195106	0.811280513	0.81108584	0.885913188	0.81587407	0.79830856	0.803604684	0.84320294	0.871274588	0.876727362	0.918965162	0.800801457	0.763601334	0.872604737	0.87375106	0.796993408	0.832015324	0.799079512	0.836877402	0.786994249	0.894297225	0.785103603	0.861887394	0.827500125	0.774447759	0.866383711	0.879283469	0.846001368	0.874071935	0.817108515	0.82653245	0.808501187	0.826971608
13414.12.gill	0.83150442	0.76732358	0.883814446	0.825397459	0.815180804	0.865210474	0.918458964	0.915357963	0.832164966	0.897590968	0.837788206	0.894305396	0.809388127	0.773204175	0.810124652	0.96625733	0.860532072	0.902806968	0.793649883	0.885577852	0.850249876	0.902860648	0.828452198	0.74201736	0.894665057	0.803195096	0.820037596	0.872502904	0.864647448	0.793596699	0	0.807784035	0.793674068	0.910835256	0.877439969	0.839296631	0.849333962	0.827667358	0.797551342	0.88543091	0.759368164	0.896121817	0.786872868	0.863708198	0.816277538	0.801934766	0.831104779	0.81690041	0.84937756	0.893655764	0.874072179	0.895554669	0.841854193	0.785119581	0.757452595	0.848870021	0.846965165	0.746708324	0.852853891	0.861374385	0.900369323	0.776256819	0.909914406	0.772245576	0.901581596	0.886183044	0.832237949	0.882219263	0.89215363	0.852469125	0.826109045	0.888577625	0.935889977	0.810244355	0.748676098	0.830972467	0.902545109	0.875178351	0.89699706	0.913666995	0.827516164	0.813092999	0.856858236	0.860520424	0.843380776	0.850427487	0.824614196	0.801527246	0.829698906	0.890414503	0.818457302	0.859853242	0.859853291	0.859653735	0.91152603	0.895392546	0.854913541	0.863985974	0.846030361	0.852794074	0.843909548	0.843586875
