	13414.24.skin	13414.37.skin	13414.26.skin	13414.30.skin	13414.21.skin	13414.19.skin	13414.13.skin	13414.33.skin	13414.14.skin	13414.10.skin	13414.15.skin	13414.2.skin	13414.100.s	13414.31.skin	13414.101.s	13414.41.skin	13414.20.skin	13414.17.skin	13414.22.skin	13414.46.skin	13414.3.skin	13414.28.skin	13414.25.skin	13414.39.skin	13414.18.skin	13414.34.skin	13414.27.skin	13414.16.skin	13414.12.skin	13414.40.skin	13414.44.skin	13414.59.skin	13414.69.skin	13414.47.skin	13414.8.skin	13414.85.skin	13414.42.skin	13414.75.skin	13414.5.skin	13414.53.skin	13414.49.skin	13414.62.skin	13414.77.skin	13414.67.skin	13414.4.skin	13414.61.skin	13414.71.skin	13414.63.skin	13414.51.skin	13414.80.skin	13414.81.skin	13414.52.skin	13414.6.skin	13414.7.skin	13414.66.skin	13414.88.skin	13414.78.skin	13414.48.skin	13414.89.s	13414.86.skin	13414.43.skin	13414.70.skin	13414.84.skin	13414.73.skin	13414.60.skin	13414.54.skin	13414.87.skin	13414.97.s	13414.79.skin	13414.65.skin	13414.72.skin	13414.99.s	13414.83.skin	13414.95.s	13414.74.skin	13414.92.s	13414.93.s	13414.98.s	13414.96.s	13414.103.s	13414.11.skin	13414.45.skin	13414.68.skin	13414.82.skin	13414.94.s
13414.24.skin	0	0.812641054	0.94518478	0.756833144	0.88516209	0.833186226	0.915532322	0.760897483	0.922452301	0.867805675	0.803653653	0.879467972	0.852971027	0.739274114	0.845826553	0.830109232	0.775464267	0.728333857	0.832775965	0.825414268	0.871523189	0.817262477	0.846710712	0.84937013	0.820411286	0.895395544	0.804096838	0.691646805	0.763930924	0.891668284	0.884543639	0.821250856	0.796091855	0.923512472	0.818032088	0.915520083	0.881746657	0.954270081	0.766823596	0.833314399	0.833452188	0.849546532	0.814487775	0.950320348	0.763306049	0.780882635	0.767188121	0.760731641	0.843306673	0.896470491	0.832412585	0.812365443	0.791393243	0.7994479	0.917711821	0.805642016	0.81396911	0.848664699	0.802673597	0.812254317	0.822163804	0.775294381	0.906251681	0.764743296	0.833289968	0.814480843	0.767666987	0.802937631	0.812475301	0.931377129	0.775974829	0.824732794	0.773878359	0.829805236	0.770566941	0.842029992	0.874485842	0.82022305	0.843241096	0.850182786	0.932182044	0.942585221	0.86423914	0.898172895	0.832109071
13414.37.skin	0.812641054	0	0.941793853	0.814413244	0.905270281	0.855873609	0.898038536	0.823119257	0.914389754	0.886118847	0.899030521	0.873847532	0.825636859	0.772168713	0.817734922	0.816386795	0.831474245	0.827521886	0.853205585	0.769178724	0.915322359	0.859452487	0.824145007	0.855203156	0.82073793	0.892851802	0.824444561	0.854673962	0.797341719	0.88916199	0.86566994	0.826599393	0.814457355	0.906510697	0.83916145	0.908374439	0.878262412	0.944347186	0.84351223	0.788433484	0.821059452	0.876152751	0.792757416	0.927441426	0.845802286	0.77966057	0.757630382	0.818326718	0.855581062	0.891157168	0.84375997	0.801506343	0.851193367	0.855953326	0.907851791	0.822352212	0.781042918	0.839440519	0.833797821	0.831887184	0.814350167	0.811830674	0.926060108	0.817853442	0.825824222	0.812697831	0.818908795	0.824484575	0.789817298	0.924350011	0.826765923	0.805020275	0.780989111	0.812829722	0.789338835	0.769401555	0.882143052	0.827505266	0.829979156	0.769020203	0.918734757	0.928806611	0.855089987	0.874907744	0.832932934
13414.26.skin	0.94518478	0.941793853	0	0.927348951	0.864068148	0.909690363	0.907829625	0.942905376	0.852034244	0.87782853	0.973369572	0.900202527	0.923339972	0.942091809	0.920509642	0.943624759	0.948848361	0.936287213	0.884660914	0.954818084	0.967368623	0.9447244	0.909462969	0.851883675	0.905356322	0.884576145	0.942420208	0.921617262	0.940292991	0.885753822	0.898016649	0.95963674	0.906568716	0.822651669	0.917799804	0.785289554	0.893912895	0.786313909	0.958389369	0.921808166	0.970730876	0.862351224	0.940944727	0.868142436	0.950373372	0.956937121	0.940706565	0.93732235	0.973267075	0.983611522	0.962519339	0.946313991	0.953085063	0.96808797	0.798551691	0.932301783	0.935783212	0.980810534	0.944240686	0.958892853	0.913817818	0.900534245	0.990594322	0.960871573	0.965356196	0.921413337	0.944120836	0.935376321	0.935050721	0.77654575	0.938496436	0.925102887	0.952351114	0.930255014	0.942855695	0.937479532	0.845778978	0.94547041	0.890069542	0.953459428	0.878061261	0.822239971	0.900135592	0.812435559	0.942246467
13414.30.skin	0.756833144	0.814413244	0.927348951	0	0.880184723	0.813397264	0.912867914	0.789310324	0.907838597	0.850545745	0.872570924	0.829070706	0.843047222	0.732000055	0.842292658	0.76986433	0.807425471	0.810702688	0.80980762	0.806882479	0.895996675	0.817168067	0.772902948	0.807223911	0.839700867	0.869966169	0.806317517	0.85179832	0.75357949	0.843003001	0.826752597	0.79561245	0.79910856	0.88577907	0.802556551	0.900648495	0.840478648	0.944334247	0.824966362	0.812444501	0.835989196	0.815188019	0.837005227	0.942461906	0.809104097	0.789184114	0.737906029	0.802616263	0.867825933	0.901647467	0.857697964	0.78183269	0.805250337	0.830204135	0.891781032	0.807355446	0.778245535	0.868543723	0.83911865	0.729470239	0.802383848	0.767110004	0.921959557	0.773094898	0.824840176	0.760240131	0.735452941	0.836068223	0.771565224	0.910064623	0.769332677	0.821704324	0.775681678	0.757648534	0.697997825	0.842692589	0.840269867	0.822015373	0.825573484	0.873590349	0.934521071	0.929520235	0.864875632	0.879393038	0.828469433
13414.21.skin	0.88516209	0.905270281	0.864068148	0.880184723	0	0.836894133	0.855510533	0.886409785	0.86042707	0.797795776	0.962509038	0.795485671	0.886087972	0.911384116	0.885968124	0.893868165	0.918971651	0.906186949	0.822168159	0.934056944	0.949693041	0.914091945	0.836027006	0.803245629	0.886853474	0.747418998	0.908214861	0.874233122	0.899148023	0.821425202	0.821295622	0.938893298	0.868970423	0.827365846	0.81176826	0.863530525	0.82529789	0.892940492	0.928381835	0.868389589	0.95050105	0.830189267	0.923632859	0.904151114	0.905517683	0.910918132	0.91260061	0.902988771	0.954368946	0.976846469	0.921492662	0.892063959	0.924136162	0.944080081	0.861806174	0.909984753	0.911996481	0.961123313	0.913374984	0.919913545	0.864065268	0.861082427	0.979348467	0.932459419	0.939420282	0.850220114	0.897446112	0.909035291	0.886413996	0.865413871	0.911356577	0.900094201	0.927852378	0.898787629	0.907839278	0.902577961	0.847145469	0.921104866	0.856457406	0.931385284	0.88387489	0.869170114	0.874842091	0.857339924	0.919644923
13414.19.skin	0.833186226	0.855873609	0.909690363	0.813397264	0.836894133	0	0.907102389	0.832282104	0.89748605	0.842605095	0.933079232	0.806387717	0.870572973	0.838906688	0.867808241	0.821866027	0.824707345	0.825663845	0.832904241	0.899895165	0.911234239	0.860649274	0.806926637	0.808989741	0.858109881	0.835007531	0.854815409	0.854674717	0.849731475	0.830723308	0.821989106	0.884702073	0.836509284	0.868809276	0.80323547	0.884338706	0.82050583	0.926458619	0.862205199	0.847410612	0.896319333	0.8167114	0.863460782	0.933332981	0.850258946	0.851972755	0.858449151	0.846997681	0.937024402	0.944021305	0.90219092	0.860752758	0.85766426	0.897243762	0.8912538	0.848725277	0.869495351	0.931084863	0.878315108	0.8611422	0.832042845	0.813108635	0.964117822	0.870897867	0.887539787	0.82893233	0.835111803	0.859408035	0.839108779	0.897162263	0.853371289	0.864937694	0.871953633	0.858841475	0.833414238	0.864509002	0.867826358	0.867058273	0.850459476	0.907630239	0.915464416	0.911854108	0.865301938	0.879351121	0.866108229
13414.13.skin	0.915532322	0.898038536	0.907829625	0.912867914	0.855510533	0.907102389	0	0.909312007	0.856923048	0.865765832	0.956986205	0.905163564	0.875387337	0.918811701	0.873438136	0.914198437	0.922395406	0.892833198	0.879604047	0.911524995	0.946360358	0.908906334	0.887028852	0.872427759	0.859025321	0.911195724	0.929203778	0.851163236	0.900954231	0.904135442	0.919449997	0.940563915	0.883369239	0.895904832	0.896633902	0.884676683	0.905945045	0.902951061	0.927721242	0.863347025	0.939252665	0.899772114	0.909462417	0.891999017	0.928095298	0.9292645	0.916983369	0.909080871	0.953224342	0.964770613	0.923133035	0.904108114	0.924410536	0.944364972	0.896853131	0.90336105	0.908420623	0.963236829	0.903532022	0.936057979	0.896755934	0.893439131	0.981343279	0.932295822	0.941990061	0.890954118	0.93574521	0.897836716	0.89283965	0.890773287	0.93626705	0.876648063	0.927386913	0.912427195	0.923219148	0.889766609	0.878350198	0.925817928	0.855987648	0.916331055	0.827421975	0.866327773	0.880884775	0.869868402	0.921861369
13414.33.skin	0.760897483	0.823119257	0.942905376	0.789310324	0.886409785	0.832282104	0.909312007	0	0.910372539	0.857017447	0.915252104	0.859269556	0.860220592	0.789993001	0.853331228	0.804411166	0.766969773	0.824677353	0.818968005	0.858821939	0.892576211	0.839428939	0.805695554	0.855998486	0.844461637	0.880079833	0.8076425	0.812423202	0.759873674	0.896547282	0.867555013	0.84455449	0.809521842	0.914057958	0.801420275	0.915641643	0.871805855	0.947091517	0.783086373	0.808627371	0.835001845	0.863902515	0.801146427	0.947042207	0.82150604	0.803153078	0.801669076	0.810417605	0.88734993	0.886923395	0.834292785	0.805624213	0.817776776	0.80879554	0.918531481	0.801536749	0.833082842	0.880457232	0.816727978	0.811239154	0.806977664	0.806210109	0.924018793	0.813543104	0.843738903	0.814226121	0.821904898	0.826807243	0.800727765	0.921974127	0.848077025	0.850106857	0.800072389	0.812814139	0.790182488	0.851402735	0.884255282	0.831921372	0.842973274	0.86452244	0.927248906	0.938694375	0.85962287	0.895509462	0.817588434
13414.14.skin	0.922452301	0.914389754	0.852034244	0.907838597	0.86042707	0.89748605	0.856923048	0.910372539	0	0.859556907	0.964504941	0.894993227	0.884263239	0.929947242	0.882908795	0.920416882	0.938275039	0.921371947	0.855049592	0.934517819	0.956707419	0.925694701	0.87726296	0.846549044	0.893269628	0.875435628	0.933964215	0.892659829	0.924828051	0.887242892	0.879318349	0.947147557	0.874812475	0.826202071	0.879732592	0.838817799	0.880024644	0.859709957	0.944059306	0.87261269	0.954637545	0.880753442	0.920379634	0.848472888	0.93700268	0.927339534	0.921956957	0.912562962	0.960037033	0.977453003	0.935014522	0.92134126	0.93500033	0.957613975	0.845294082	0.913604768	0.901162668	0.969052044	0.919455546	0.933654379	0.873974763	0.874619771	0.983865965	0.947120744	0.949374837	0.889123812	0.924666872	0.912442015	0.903108503	0.845445626	0.929091973	0.895890506	0.941405425	0.903726903	0.923512035	0.910497592	0.84742044	0.936881464	0.858013205	0.933399338	0.853731011	0.827378788	0.856252342	0.846018694	0.931133096
13414.10.skin	0.867805675	0.886118847	0.87782853	0.850545745	0.797795776	0.842605095	0.865765832	0.857017447	0.859556907	0	0.94654392	0.825491264	0.867825209	0.880023918	0.876253764	0.844455684	0.871677608	0.867714713	0.791674738	0.910291733	0.918430994	0.881697474	0.791563534	0.805160969	0.850338182	0.796402807	0.887416461	0.847477157	0.851381644	0.851099523	0.829277782	0.903811463	0.857126004	0.838470724	0.786369013	0.863751835	0.818701026	0.893867816	0.885338694	0.857053797	0.922129132	0.825212275	0.879388979	0.89934836	0.888238788	0.908557282	0.877757524	0.89076374	0.948288638	0.952620636	0.918653409	0.853131248	0.89335553	0.899536402	0.875125025	0.871773076	0.903329624	0.955590897	0.876181919	0.908710619	0.839792989	0.839235079	0.977884809	0.897684635	0.90865474	0.797341696	0.883265708	0.893195889	0.85960005	0.869568	0.894319824	0.8819317	0.892085019	0.869964663	0.883884619	0.879700817	0.847079925	0.89056709	0.812516492	0.910999687	0.867580726	0.862940692	0.850651729	0.857013403	0.893200868
13414.15.skin	0.803653653	0.899030521	0.973369572	0.872570924	0.962509038	0.933079232	0.956986205	0.915252104	0.964504941	0.94654392	0	0.943760833	0.932678909	0.802475021	0.92762387	0.923533326	0.820450912	0.8017727	0.926620034	0.835747283	0.945570678	0.911859747	0.917256299	0.91715621	0.911604761	0.961704477	0.905716473	0.853508273	0.900286144	0.93496592	0.947062968	0.81019753	0.913729241	0.958765928	0.925791204	0.970424506	0.942790467	0.982828627	0.904076569	0.896655323	0.855102394	0.876206731	0.902539282	0.980359632	0.899738923	0.879478401	0.858655502	0.849619404	0.867228796	0.831909361	0.913254134	0.899401028	0.901945927	0.884472629	0.963348916	0.915050967	0.911848191	0.882794819	0.925613174	0.872352684	0.912995363	0.84572344	0.87610964	0.8392615	0.855876742	0.912227579	0.902991871	0.912637346	0.904789183	0.97401866	0.876694742	0.914707472	0.877126376	0.909807672	0.854742409	0.931925953	0.944771334	0.913106633	0.93360944	0.9194515	0.975709153	0.978714915	0.943601201	0.959464513	0.925445976
13414.2.skin	0.879467972	0.873847532	0.900202527	0.829070706	0.795485671	0.806387717	0.905163564	0.859269556	0.894993227	0.825491264	0.943760833	0	0.892577384	0.883721975	0.886977601	0.805885474	0.873038711	0.882495823	0.827855739	0.899885679	0.934130554	0.890090093	0.775537862	0.787070957	0.883796443	0.754582718	0.864679942	0.898957915	0.862670452	0.817483359	0.741968793	0.886346677	0.861958548	0.840901888	0.759229915	0.887296735	0.781056471	0.92600833	0.889703658	0.820791412	0.901820145	0.772994369	0.901131612	0.934591294	0.857381138	0.851592192	0.896450625	0.869767681	0.95073353	0.951283012	0.896554424	0.824207752	0.897019723	0.917037915	0.884818967	0.911206854	0.889685772	0.923954363	0.903618272	0.875365405	0.813716589	0.851255987	0.965783425	0.911911932	0.878326984	0.794249442	0.847945391	0.906486593	0.817367064	0.895536864	0.829490152	0.870106199	0.903326252	0.863212548	0.879745799	0.880185378	0.858435435	0.906573066	0.83911408	0.905912203	0.924208121	0.912101846	0.877632452	0.89062469	0.894338618
13414.100.s	0.852971027	0.825636859	0.923339972	0.843047222	0.886087972	0.870572973	0.875387337	0.860220592	0.884263239	0.867825209	0.932678909	0.892577384	0	0.855628605	0.786361509	0.893415985	0.870118402	0.864061601	0.853470299	0.855633618	0.925582879	0.866304053	0.833980496	0.868757604	0.844824025	0.890262054	0.871757677	0.852274054	0.849273526	0.898900441	0.885639269	0.896189463	0.828776201	0.895091792	0.870301102	0.892787149	0.888348463	0.927326684	0.884342904	0.825813743	0.916496764	0.887484199	0.862031594	0.906833013	0.886587901	0.890144886	0.845054356	0.866030572	0.922135595	0.931290372	0.89143997	0.859336176	0.886959961	0.907702878	0.888874322	0.823853248	0.865751151	0.921191254	0.855684114	0.885870782	0.842550758	0.841599599	0.971196528	0.890392984	0.892686535	0.860765405	0.867917063	0.86033913	0.853783411	0.901981366	0.901820073	0.772201832	0.86309996	0.821159787	0.852088178	0.825529692	0.85235703	0.855496213	0.80985602	0.862087163	0.902127039	0.905627558	0.856215594	0.863714877	0.855858254
13414.31.skin	0.739274114	0.772168713	0.942091809	0.732000055	0.911384116	0.838906688	0.918811701	0.789993001	0.929947242	0.880023918	0.802475021	0.883721975	0.855628605	0	0.823732303	0.829812289	0.755238852	0.775254611	0.852448137	0.743439587	0.888394151	0.823228379	0.816772211	0.843146376	0.818954697	0.904792309	0.82342651	0.829436308	0.763072786	0.883785845	0.88729853	0.718854076	0.809021515	0.911207521	0.83037644	0.922484434	0.876060603	0.956417742	0.821636953	0.797054181	0.830371829	0.838295122	0.824602969	0.950721842	0.799560531	0.743750912	0.733752436	0.811311426	0.835882587	0.900177897	0.857352402	0.812496004	0.803702174	0.822412673	0.912725161	0.807213428	0.784909823	0.819983282	0.834785101	0.701162032	0.811248873	0.755554474	0.906467404	0.825218622	0.788318069	0.775250773	0.696320387	0.848001215	0.745927764	0.934020899	0.786442412	0.810795236	0.768779092	0.778709083	0.731912492	0.830353218	0.880480251	0.829269663	0.853632631	0.840313801	0.937046588	0.942245909	0.883493129	0.899139949	0.822041744
13414.101.s	0.845826553	0.817734922	0.920509642	0.842292658	0.885968124	0.867808241	0.873438136	0.853331228	0.882908795	0.876253764	0.92762387	0.886977601	0.786361509	0.823732303	0	0.878122852	0.84762819	0.862247827	0.851341974	0.842885996	0.903653361	0.855047102	0.829793768	0.861966833	0.789435975	0.900932085	0.876362374	0.841017856	0.81597122	0.895142284	0.881530087	0.861166866	0.764132244	0.89105225	0.854887191	0.87533303	0.887454351	0.921251174	0.863873555	0.773970404	0.916225715	0.888289642	0.831197101	0.902018332	0.879133863	0.864797232	0.815810526	0.854016059	0.897196857	0.931782866	0.876248398	0.850783175	0.849523153	0.873462262	0.879751021	0.806018892	0.843983158	0.919652781	0.833985063	0.851875842	0.841216537	0.824746145	0.95974308	0.864451311	0.898591803	0.835976849	0.849889371	0.828714462	0.830284025	0.885242236	0.89157494	0.800106845	0.795260598	0.794732365	0.832677025	0.793028439	0.843168118	0.813254777	0.809799558	0.83517296	0.894458042	0.902046975	0.840096286	0.843599532	0.821758246
13414.41.skin	0.830109232	0.816386795	0.943624759	0.76986433	0.893868165	0.821866027	0.914198437	0.804411166	0.920416882	0.844455684	0.923533326	0.805885474	0.893415985	0.829812289	0.878122852	0	0.763834535	0.81548226	0.838464059	0.876151681	0.892094075	0.838364334	0.793205207	0.835990996	0.857735445	0.848482986	0.799478242	0.847649111	0.770477952	0.870151837	0.826460287	0.818349087	0.83683707	0.906217193	0.784547875	0.911232293	0.821062876	0.95041507	0.780176631	0.830435506	0.804328957	0.844739471	0.794630417	0.955078362	0.808973659	0.794602207	0.827875282	0.790860581	0.907451727	0.866915416	0.888431462	0.727717202	0.823863116	0.812694469	0.923079057	0.86730147	0.846445785	0.899226218	0.846085548	0.835034704	0.820711802	0.829217937	0.943689089	0.817092803	0.80728819	0.782378242	0.78738402	0.837691352	0.758995309	0.924940058	0.826585765	0.872883249	0.795773863	0.816927051	0.794586333	0.826097562	0.883961696	0.852256534	0.849676367	0.863642066	0.935968434	0.932471064	0.845340805	0.909191944	0.840964003
13414.20.skin	0.775464267	0.831474245	0.948848361	0.807425471	0.918971651	0.824707345	0.922395406	0.766969773	0.938275039	0.871677608	0.820450912	0.873038711	0.870118402	0.755238852	0.84762819	0.763834535	0	0.69378128	0.810961855	0.836856788	0.814281214	0.77099997	0.835162227	0.871505286	0.802229534	0.903912275	0.793883989	0.772140439	0.719279638	0.901708554	0.889056703	0.778238038	0.786235074	0.929838289	0.83823537	0.920945255	0.884343878	0.954575029	0.614264306	0.81437918	0.770087428	0.857526621	0.74373993	0.949956463	0.772362263	0.770510815	0.783663772	0.756147714	0.888343887	0.815623321	0.871144038	0.771737464	0.702525966	0.719591412	0.925627239	0.79155999	0.85561052	0.88673731	0.749484924	0.836277274	0.831587186	0.780098512	0.920308662	0.695502632	0.762123674	0.854177987	0.793981982	0.800127229	0.781260374	0.934547799	0.814230564	0.858619909	0.71590212	0.817603364	0.761242008	0.819250428	0.900055582	0.813423172	0.842857695	0.849560131	0.927568061	0.941248003	0.842303017	0.89048386	0.788609081
13414.17.skin	0.728333857	0.827521886	0.936287213	0.810702688	0.906186949	0.825663845	0.892833198	0.824677353	0.921371947	0.867714713	0.8017727	0.882495823	0.864061601	0.775254611	0.862247827	0.81548226	0.69378128	0	0.803194479	0.855804161	0.805940428	0.800593239	0.865796738	0.840066659	0.776420514	0.911173341	0.803884627	0.714964616	0.763763942	0.877729602	0.903984529	0.818492907	0.785849999	0.913534376	0.871324911	0.906013452	0.874599108	0.939854453	0.721606583	0.823819159	0.817595339	0.829408676	0.781625546	0.938333152	0.804838988	0.848238112	0.7925521	0.796029712	0.904815191	0.892946705	0.892760333	0.83575899	0.722317697	0.82454808	0.925777524	0.79114669	0.843380746	0.911080295	0.792232214	0.874459633	0.848458882	0.783464802	0.947778704	0.774365563	0.845555821	0.864974783	0.814348159	0.779191517	0.816801798	0.921094425	0.845473483	0.857877746	0.769028815	0.844919285	0.800988111	0.832602174	0.879999906	0.822594898	0.828989696	0.881769229	0.90366306	0.92410145	0.827647985	0.877958397	0.796252024
13414.22.skin	0.832775965	0.853205585	0.884660914	0.80980762	0.822168159	0.832904241	0.879604047	0.818968005	0.855049592	0.791674738	0.926620034	0.827855739	0.853470299	0.852448137	0.851341974	0.838464059	0.810961855	0.803194479	0	0.901340219	0.830248219	0.819450515	0.81711834	0.788130308	0.777926302	0.832929829	0.852037871	0.786867827	0.793461744	0.838556366	0.828628149	0.886503047	0.79383778	0.84506338	0.821051102	0.848909181	0.821565281	0.895559767	0.812487558	0.848903639	0.899831758	0.801664051	0.851681912	0.894469385	0.877374556	0.86983679	0.826036669	0.847475557	0.932306192	0.937878746	0.910633162	0.843358949	0.788670621	0.856605919	0.86460524	0.82425682	0.883692406	0.942761122	0.804261106	0.88631087	0.836082954	0.781120513	0.970046787	0.836642336	0.895690781	0.808434568	0.860559231	0.835868054	0.8404829	0.871816354	0.877378578	0.859369138	0.827571268	0.846240075	0.84165756	0.860679564	0.833201307	0.853455818	0.794597772	0.889297136	0.84978847	0.86470356	0.807140953	0.831734993	0.836769655
13414.46.skin	0.825414268	0.769178724	0.954818084	0.806882479	0.934056944	0.899895165	0.911524995	0.858821939	0.934517819	0.910291733	0.835747283	0.899885679	0.855633618	0.743439587	0.842885996	0.876151681	0.836856788	0.855804161	0.901340219	0	0.918664827	0.88723102	0.858156974	0.890639321	0.831999642	0.927700549	0.891585152	0.863776727	0.848749839	0.918850948	0.917450637	0.83400531	0.868698513	0.936912112	0.861865694	0.950249457	0.922613013	0.964175046	0.891438176	0.81139329	0.835221634	0.888688103	0.853490416	0.952041998	0.876110726	0.788034347	0.82306245	0.858371356	0.816806253	0.909341199	0.819625265	0.836265805	0.860210355	0.858844219	0.937009065	0.867667625	0.814358988	0.763141983	0.87912864	0.862332165	0.859345932	0.826461298	0.897970276	0.850888531	0.889931326	0.840978252	0.858318305	0.899053913	0.79619108	0.953800325	0.823328894	0.817245801	0.792503075	0.850388805	0.86741228	0.805769933	0.901582876	0.862202309	0.883750531	0.765218831	0.945659904	0.950204423	0.909447119	0.920212034	0.874826568
13414.3.skin	0.871523189	0.915322359	0.967368623	0.895996675	0.949693041	0.911234239	0.946360358	0.892576211	0.956707419	0.918430994	0.945570678	0.934130554	0.925582879	0.888394151	0.903653361	0.892094075	0.814281214	0.805940428	0.830248219	0.918664827	0	0.815304174	0.941371374	0.912725385	0.790334366	0.950053583	0.892034323	0.824703583	0.827195714	0.940435844	0.947026508	0.923482951	0.859327717	0.951123606	0.923380692	0.92288803	0.944855179	0.953159754	0.777311767	0.91298198	0.909398811	0.935370396	0.842824572	0.951259272	0.898941726	0.932650751	0.908677137	0.912684236	0.950136323	0.944679781	0.924495156	0.924068101	0.631897179	0.838005813	0.957877011	0.8331123	0.927805043	0.947004922	0.753790055	0.935196675	0.937295285	0.904289674	0.965531123	0.850740485	0.916809311	0.924475196	0.909143597	0.880215204	0.890243132	0.948980063	0.924487228	0.914462182	0.80810445	0.91826298	0.917837324	0.903022546	0.919790074	0.870575193	0.903888003	0.929504821	0.852662186	0.939494219	0.873803446	0.924854993	0.861069764
13414.28.skin	0.817262477	0.859452487	0.9447244	0.817168067	0.914091945	0.860649274	0.908906334	0.839428939	0.925694701	0.881697474	0.911859747	0.890090093	0.866304053	0.823228379	0.855047102	0.838364334	0.77099997	0.800593239	0.819450515	0.88723102	0.815304174	0	0.854003931	0.862380823	0.784584071	0.909227723	0.857627428	0.819049896	0.79689573	0.907702039	0.897408317	0.858408483	0.81208296	0.919950126	0.870696436	0.904073033	0.880393281	0.943016379	0.788723959	0.852021949	0.876320476	0.884623223	0.81491234	0.938621307	0.846679126	0.866619548	0.844855842	0.860242963	0.922144714	0.918721306	0.902703885	0.843662553	0.763709784	0.837625204	0.915531385	0.810234706	0.869432957	0.927665061	0.785567988	0.864363426	0.860980987	0.833901818	0.964104524	0.831657393	0.855931343	0.860620075	0.839910286	0.818525353	0.844524063	0.918582572	0.878091368	0.855525231	0.806761937	0.854850243	0.800290163	0.836197885	0.871203692	0.825705482	0.828517064	0.887506694	0.900641435	0.919635479	0.855039001	0.885667386	0.823345085
13414.25.skin	0.846710712	0.824145007	0.909462969	0.772902948	0.836027006	0.806926637	0.887028852	0.805695554	0.87726296	0.791563534	0.917256299	0.775537862	0.833980496	0.816772211	0.829793768	0.793205207	0.835162227	0.865796738	0.81711834	0.858156974	0.941371374	0.854003931	0	0.772958947	0.86527555	0.79786729	0.844287807	0.855556104	0.812048649	0.840173695	0.763777231	0.835928842	0.806622503	0.847246702	0.733818923	0.887960135	0.770397659	0.929817666	0.856556001	0.750102954	0.865526954	0.815156947	0.85241779	0.929635257	0.835927085	0.781443911	0.819899259	0.805425688	0.893830401	0.90575336	0.845818729	0.749680165	0.88148448	0.894789045	0.866312651	0.846821493	0.848771624	0.882489875	0.873450666	0.799982742	0.693666241	0.810542613	0.94134823	0.894853026	0.847090755	0.729563137	0.800493817	0.869279576	0.787700911	0.895385352	0.822912036	0.837485803	0.86050342	0.776933999	0.787427407	0.838682073	0.83772207	0.862887095	0.817879824	0.870475515	0.913023868	0.910660296	0.863388124	0.869896001	0.86163529
13414.39.skin	0.84937013	0.855203156	0.851883675	0.807223911	0.803245629	0.808989741	0.872427759	0.855998486	0.846549044	0.805160969	0.91715621	0.787070957	0.868757604	0.843146376	0.861966833	0.835990996	0.871505286	0.840066659	0.788130308	0.890639321	0.912725385	0.862380823	0.772958947	0	0.825396535	0.792764203	0.850445744	0.834579462	0.858528575	0.77470407	0.772458238	0.892611589	0.822693296	0.805085847	0.792061546	0.837045872	0.756679379	0.88154348	0.888361467	0.81879672	0.913417996	0.748035372	0.871714136	0.89930878	0.852775966	0.865831041	0.851730356	0.814705562	0.936714009	0.953051192	0.902597061	0.840279235	0.856140219	0.921865904	0.83431577	0.867506138	0.855881511	0.94327207	0.876300415	0.857883725	0.804600404	0.781822756	0.968710746	0.907545396	0.900354096	0.778326852	0.838739735	0.869416509	0.829885398	0.847074857	0.858303475	0.850207075	0.872782495	0.84948621	0.854003775	0.869593133	0.797498608	0.87501928	0.826194984	0.9092175	0.871696648	0.86677511	0.845696677	0.83474974	0.859915545
13414.18.skin	0.820411286	0.82073793	0.905356322	0.839700867	0.886853474	0.858109881	0.859025321	0.844461637	0.893269628	0.850338182	0.911604761	0.883796443	0.844824025	0.818954697	0.789435975	0.857735445	0.802229534	0.776420514	0.777926302	0.831999642	0.790334366	0.784584071	0.86527555	0.825396535	0	0.897174947	0.874428247	0.766245287	0.781787742	0.876827481	0.887588065	0.872440871	0.801589147	0.888351642	0.862860483	0.847612475	0.875711758	0.901548294	0.806562529	0.830713254	0.90050796	0.851219312	0.815817699	0.885564692	0.868784289	0.882344473	0.837275454	0.858247784	0.925842704	0.943473715	0.904475999	0.870768973	0.749713086	0.843823945	0.898829301	0.77889209	0.840206998	0.927798717	0.770173814	0.891857292	0.867801088	0.801081526	0.96917696	0.839842675	0.904998663	0.858497475	0.873828591	0.778773812	0.826780519	0.887143598	0.875820774	0.813896481	0.781373051	0.851808355	0.84907294	0.76694495	0.852318127	0.800558707	0.789264769	0.85445837	0.822713657	0.867299538	0.809018128	0.820219252	0.795467512
13414.34.skin	0.895395544	0.892851802	0.884576145	0.869966169	0.747418998	0.835007531	0.911195724	0.880079833	0.875435628	0.796402807	0.961704477	0.754582718	0.890262054	0.904792309	0.900932085	0.848482986	0.903912275	0.911173341	0.832929829	0.927700549	0.950053583	0.909227723	0.79786729	0.792764203	0.897174947	0	0.896913007	0.911026308	0.882743697	0.830385446	0.755201925	0.928498937	0.88391262	0.827769685	0.76276482	0.881179265	0.800612869	0.916620506	0.910926559	0.848469171	0.939017632	0.828106035	0.913039385	0.928991385	0.89003901	0.881027695	0.906321198	0.895799336	0.947868336	0.964901938	0.920596858	0.829460977	0.925006474	0.929336478	0.871380797	0.922217899	0.905317135	0.955553383	0.919149946	0.906264442	0.807874507	0.877903571	0.975627123	0.928855476	0.919571722	0.819415108	0.887801414	0.925334923	0.855235658	0.884645347	0.891934002	0.882116988	0.917556887	0.885599928	0.894290062	0.903450048	0.855397034	0.925148588	0.862112112	0.922139348	0.905237852	0.898689314	0.884179906	0.89193227	0.917453716
13414.27.skin	0.804096838	0.824444561	0.942420208	0.806317517	0.908214861	0.854815409	0.929203778	0.8076425	0.933964215	0.887416461	0.905716473	0.864679942	0.871757677	0.82342651	0.876362374	0.799478242	0.793883989	0.803884627	0.852037871	0.891585152	0.892034323	0.857627428	0.844287807	0.850445744	0.874428247	0.896913007	0	0.862596701	0.823681206	0.88390072	0.875798108	0.825938632	0.817874461	0.917659972	0.869491956	0.923071128	0.867768719	0.952841907	0.814624717	0.86444323	0.840819366	0.854116596	0.7945544	0.952239784	0.818723811	0.842715375	0.764542353	0.780988176	0.906950097	0.871077938	0.891439512	0.795116916	0.844560743	0.81974872	0.912067506	0.815905249	0.857817235	0.899021646	0.842660066	0.84584064	0.860073532	0.841050523	0.945704931	0.834349516	0.780837075	0.834496902	0.786075386	0.832760536	0.834273022	0.930216248	0.842678053	0.872711242	0.815433275	0.796578109	0.758969487	0.833707043	0.882175529	0.834992454	0.842160614	0.880748944	0.938258683	0.946119283	0.856731664	0.89468268	0.826032282
13414.16.skin	0.691646805	0.854673962	0.921617262	0.85179832	0.874233122	0.854674717	0.851163236	0.812423202	0.892659829	0.847477157	0.853508273	0.898957915	0.852274054	0.829436308	0.841017856	0.847649111	0.772140439	0.714964616	0.786867827	0.863776727	0.824703583	0.819049896	0.855556104	0.834579462	0.766245287	0.911026308	0.862596701	0	0.780111267	0.879065584	0.908268861	0.866371646	0.799098058	0.910638071	0.862186419	0.885994491	0.88881971	0.92218626	0.787945121	0.846152142	0.882428424	0.850108527	0.793681367	0.918143249	0.863997023	0.873538208	0.821297395	0.809438035	0.921343251	0.922338629	0.904142531	0.869849415	0.757625593	0.841414509	0.912054738	0.793508289	0.866032252	0.926153533	0.771017903	0.881091557	0.871424595	0.786683809	0.961398887	0.830648686	0.8984758	0.846050428	0.873156491	0.801141459	0.836632525	0.910587761	0.879245575	0.846428802	0.78731326	0.863789493	0.863735508	0.849677669	0.872540849	0.81867903	0.815844006	0.876791809	0.868081824	0.905987191	0.799870057	0.859502941	0.808939287
13414.12.skin	0.763930924	0.797341719	0.940292991	0.75357949	0.899148023	0.849731475	0.900954231	0.759873674	0.924828051	0.851381644	0.900286144	0.862670452	0.849273526	0.763072786	0.81597122	0.770477952	0.719279638	0.763763942	0.793461744	0.848749839	0.827195714	0.79689573	0.812048649	0.858528575	0.781787742	0.882743697	0.823681206	0.780111267	0	0.89655653	0.875071585	0.808784607	0.772671023	0.911795381	0.826998711	0.902255055	0.877152395	0.939403204	0.720359002	0.775226324	0.827646526	0.872862682	0.7731954	0.940913889	0.756526259	0.79370455	0.752673863	0.805370341	0.865549542	0.877705675	0.872537406	0.799537684	0.748873744	0.753207896	0.911971924	0.750217035	0.83460918	0.875178182	0.75584587	0.820499045	0.812125828	0.805354266	0.934170286	0.707342583	0.838646945	0.793118732	0.780086558	0.765873617	0.752874413	0.917055097	0.82231659	0.823624064	0.706149372	0.777935946	0.783846842	0.817841407	0.87101309	0.771055763	0.791578999	0.849976562	0.90932232	0.92365869	0.832308456	0.855423081	0.7531531
13414.40.skin	0.891668284	0.88916199	0.885753822	0.843003001	0.821425202	0.830723308	0.904135442	0.896547282	0.887242892	0.851099523	0.93496592	0.817483359	0.898900441	0.883785845	0.895142284	0.870151837	0.901708554	0.877729602	0.838556366	0.918850948	0.940435844	0.907702039	0.840173695	0.77470407	0.876827481	0.830385446	0.88390072	0.879065584	0.89655653	0	0.814287748	0.911206633	0.87667764	0.826842803	0.835760619	0.872213748	0.813328758	0.908672717	0.934223183	0.890050864	0.935384795	0.797667541	0.90865861	0.919314688	0.904943188	0.903576081	0.895660309	0.882020645	0.954311664	0.976202504	0.935036355	0.894772941	0.905601512	0.947074036	0.883596405	0.903305582	0.888430142	0.956605428	0.913817731	0.901736753	0.87957199	0.844957447	0.978802164	0.924426751	0.911613491	0.845029339	0.875918355	0.899905056	0.875975286	0.884275742	0.882725337	0.895220664	0.908307643	0.898181391	0.901911705	0.895119867	0.860244824	0.900572864	0.873699404	0.936487075	0.90848661	0.888842079	0.877675763	0.876309	0.902973508
13414.44.skin	0.884543639	0.86566994	0.898016649	0.826752597	0.821295622	0.821989106	0.919449997	0.867555013	0.879318349	0.829277782	0.947062968	0.741968793	0.885639269	0.88729853	0.881530087	0.826460287	0.889056703	0.903984529	0.828628149	0.917450637	0.947026508	0.897408317	0.763777231	0.772458238	0.887588065	0.755201925	0.875798108	0.908268861	0.875071585	0.814287748	0	0.905932503	0.866085019	0.786462505	0.76781683	0.870686979	0.797352586	0.925147394	0.901171085	0.814414291	0.933582443	0.788122681	0.910183443	0.931880766	0.868978645	0.84429803	0.894404767	0.877567949	0.944705284	0.959184392	0.904695847	0.819402642	0.912927834	0.92644004	0.856985813	0.911738704	0.888394586	0.948122716	0.916761879	0.87751969	0.749009288	0.856908798	0.975565015	0.922229464	0.902405953	0.813792189	0.847834147	0.911348541	0.853967347	0.882266191	0.819301161	0.863137166	0.912016761	0.86574463	0.876138252	0.89353602	0.844831759	0.909437785	0.839344704	0.906576941	0.922529705	0.887541015	0.889509295	0.883415749	0.904736415
13414.59.skin	0.821250856	0.826599393	0.95963674	0.79561245	0.938893298	0.884702073	0.940563915	0.84455449	0.947147557	0.903811463	0.81019753	0.886346677	0.896189463	0.718854076	0.861166866	0.818349087	0.778238038	0.818492907	0.886503047	0.83400531	0.923482951	0.858408483	0.835928842	0.892611589	0.872440871	0.928498937	0.825938632	0.866371646	0.808784607	0.911206633	0.905932503	0	0.82345138	0.933302921	0.862965862	0.944124745	0.895685382	0.969171855	0.822254518	0.844229865	0.730030969	0.866996278	0.818510117	0.965820119	0.816585582	0.786748083	0.76449882	0.800252259	0.885769094	0.781677474	0.89329672	0.787153308	0.850055172	0.758663934	0.936845855	0.853447803	0.859549401	0.816146477	0.8677812	0.745245595	0.872439582	0.818708553	0.897003858	0.812047681	0.682823393	0.830101198	0.741927032	0.850338437	0.785221972	0.954934275	0.792465834	0.869898474	0.807831593	0.804659671	0.75829766	0.843350519	0.911363187	0.856567813	0.888935139	0.85647002	0.956713364	0.960290749	0.900172069	0.92789013	0.850246502
13414.69.skin	0.796091855	0.814457355	0.906568716	0.79910856	0.868970423	0.836509284	0.883369239	0.809521842	0.874812475	0.857126004	0.913729241	0.861958548	0.828776201	0.809021515	0.764132244	0.83683707	0.786235074	0.785849999	0.79383778	0.868698513	0.859327717	0.81208296	0.806622503	0.822693296	0.801589147	0.88391262	0.817874461	0.799098058	0.772671023	0.87667764	0.866085019	0.82345138	0	0.876938262	0.835102176	0.861045913	0.854947093	0.913322668	0.794745663	0.751189768	0.87663109	0.850902831	0.762574594	0.910371602	0.808465466	0.826393673	0.764869469	0.786156165	0.912984536	0.922946172	0.87600605	0.830521066	0.793503878	0.789084582	0.858962471	0.767138367	0.829180384	0.921663125	0.787220119	0.834806313	0.799519205	0.781307248	0.959409697	0.807948214	0.857666139	0.814542434	0.807458552	0.797956476	0.810447407	0.878860167	0.847940396	0.803727216	0.779105227	0.775066169	0.785571738	0.819669967	0.790511254	0.802505309	0.805227578	0.862792695	0.89846745	0.901514157	0.798975888	0.822194527	0.809377667
13414.47.skin	0.923512472	0.906510697	0.822651669	0.88577907	0.827365846	0.868809276	0.895904832	0.914057958	0.826202071	0.838470724	0.958765928	0.840901888	0.895091792	0.911207521	0.89105225	0.906217193	0.929838289	0.913534376	0.84506338	0.936912112	0.951123606	0.919950126	0.847246702	0.805085847	0.888351642	0.827769685	0.917659972	0.910638071	0.911795381	0.826842803	0.786462505	0.933302921	0.876938262	0	0.86236662	0.820145889	0.840661292	0.862364583	0.936833262	0.864908447	0.943074647	0.816605464	0.914351299	0.874631512	0.923204786	0.919427133	0.91528471	0.895520577	0.957887749	0.972479523	0.942589486	0.907137689	0.924460246	0.942733233	0.823382666	0.90736074	0.904738031	0.964584324	0.92695328	0.922229519	0.835886742	0.873073603	0.981967511	0.940809406	0.936116962	0.875573187	0.907435483	0.923565194	0.884975458	0.823512197	0.908511498	0.889323244	0.930354752	0.896325066	0.910733929	0.910207852	0.826484537	0.927963896	0.851031307	0.931412171	0.881455749	0.807989818	0.878292708	0.830758621	0.924058954
13414.8.skin	0.818032088	0.83916145	0.917799804	0.802556551	0.81176826	0.80323547	0.896633902	0.801420275	0.879732592	0.786369013	0.925791204	0.759229915	0.870301102	0.83037644	0.854887191	0.784547875	0.83823537	0.871324911	0.821051102	0.861865694	0.923380692	0.870696436	0.733818923	0.792061546	0.862860483	0.76276482	0.869491956	0.862186419	0.826998711	0.835760619	0.76781683	0.862965862	0.835102176	0.86236662	0	0.903393876	0.800585664	0.940098259	0.868835152	0.776779516	0.874211123	0.81618357	0.878427045	0.936333829	0.831744803	0.785195573	0.863864705	0.838391895	0.902556249	0.942801279	0.857518885	0.795449735	0.86898005	0.888968492	0.886368727	0.887032408	0.847590146	0.898790555	0.882793347	0.833525333	0.759067997	0.81893259	0.937092355	0.866937699	0.885428913	0.73876236	0.836084891	0.889589237	0.78406792	0.908146093	0.830992394	0.843419455	0.865651653	0.837735772	0.826191315	0.872363716	0.85870919	0.890003239	0.840698146	0.871185754	0.919870937	0.9193592	0.857316407	0.893138862	0.876655338
13414.85.skin	0.915520083	0.908374439	0.785289554	0.900648495	0.863530525	0.884338706	0.884676683	0.915641643	0.838817799	0.863751835	0.970424506	0.887296735	0.892787149	0.922484434	0.87533303	0.911232293	0.920945255	0.906013452	0.848909181	0.950249457	0.92288803	0.904073033	0.887960135	0.837045872	0.847612475	0.881179265	0.923071128	0.885994491	0.902255055	0.872213748	0.870686979	0.944124745	0.861045913	0.820145889	0.903393876	0	0.884169375	0.742542218	0.918390535	0.892759795	0.952090197	0.843179481	0.885143488	0.854886213	0.925712702	0.94187076	0.912615324	0.896924586	0.965575846	0.969858193	0.943144808	0.920197801	0.903160208	0.944385928	0.761746448	0.867237796	0.898907383	0.973855828	0.894921558	0.932053613	0.885084909	0.878042089	0.986665288	0.932600922	0.936942403	0.903607347	0.91344745	0.879324949	0.907993538	0.640022088	0.919620665	0.89084533	0.911657172	0.904558957	0.913507215	0.887918616	0.772839544	0.908740423	0.841117742	0.936165953	0.850855022	0.807290053	0.846611172	0.722868719	0.905854322
13414.42.skin	0.881746657	0.878262412	0.893912895	0.840478648	0.82529789	0.82050583	0.905945045	0.871805855	0.880024644	0.818701026	0.942790467	0.781056471	0.888348463	0.876060603	0.887454351	0.821062876	0.884343878	0.874599108	0.821565281	0.922613013	0.944855179	0.880393281	0.770397659	0.756679379	0.875711758	0.800612869	0.867768719	0.88881971	0.877152395	0.813328758	0.797352586	0.895685382	0.854947093	0.840661292	0.800585664	0.884169375	0	0.919430769	0.897668023	0.85980351	0.92366869	0.79515049	0.891395263	0.92039898	0.88049182	0.8830135	0.878953914	0.875788647	0.951034028	0.949008104	0.920313237	0.847576982	0.905999038	0.926501326	0.888767387	0.888023486	0.884490569	0.953009015	0.913342921	0.886545812	0.834160418	0.830691687	0.976514278	0.925824162	0.897289713	0.799992006	0.846163659	0.894998337	0.853601166	0.898381191	0.879950559	0.879930744	0.907227253	0.860339311	0.8724697	0.880767149	0.866386851	0.902531332	0.851782629	0.919487444	0.907352775	0.902003809	0.875961446	0.878642217	0.896028476
13414.75.skin	0.954270081	0.944347186	0.786313909	0.944334247	0.892940492	0.926458619	0.902951061	0.947091517	0.859709957	0.893867816	0.982828627	0.92600833	0.927326684	0.956417742	0.921251174	0.95041507	0.954575029	0.939854453	0.895559767	0.964175046	0.953159754	0.943016379	0.929817666	0.88154348	0.901548294	0.916620506	0.952841907	0.92218626	0.939403204	0.908672717	0.925147394	0.969171855	0.913322668	0.862364583	0.940098259	0.742542218	0.919430769	0	0.953861951	0.933865901	0.972347656	0.897834045	0.938278739	0.843611587	0.957209863	0.967366431	0.953062505	0.945260123	0.979912225	0.983913086	0.967610355	0.956427236	0.942417163	0.96759561	0.826527767	0.927401819	0.938659177	0.984414277	0.930858837	0.965737439	0.934712068	0.921633811	0.99368742	0.962744094	0.968691287	0.937932534	0.955032668	0.931115075	0.944586682	0.731355853	0.958640033	0.933310816	0.952242832	0.947380184	0.955530733	0.931137436	0.851147683	0.940386384	0.898078756	0.954079033	0.838622731	0.799559083	0.89970769	0.803362786	0.939042966
