	13414.45.gill	13414.25.gill	13414.14.gill	13414.38.gill	13414.41.gill	13414.3.gill	13414.15.gill	13414.49.gill	13414.10.gill	13414.31.gill	13414.22.gill	13414.100.g	13414.27.gill	13414.16.gill	13414.20.gill	13414.101.g	13414.39.gill	13414.46.gill	13414.24.gill	13414.34.gill	13414.42.gill	13414.103.g	13414.21.gill	13414.40.gill	13414.18.gill	13414.11.gill	13414.37.gill	13414.47.gill	13414.30.gill	13414.29.gill	13414.12.gill	13414.13.gill	13414.19.gill	13414.4.gill	13414.28.gill	13414.26.gill	13414.17.gill	13414.33.gill	13414.6.gill	13414.66.gill	13414.7.gill	13414.84.gill	13414.55.gill	13414.48.gill	13414.73.gill	13414.86.gill	13414.43.gill	13414.50.gill	13414.78.gill	13414.68.gill	13414.5.gill	13414.54.gill	13414.36.gill	13414.62.gill	13414.72.gill	13414.63.gill	13414.81.gill	13414.69.gill	13414.65.gill	13414.53.gill	13414.70.gill	13414.59.gill	13414.58.gill	13414.9.gill	13414.79.gill	13414.51.gill	13414.71.gill	13414.82.gill	13414.74.gill	13414.61.gill	13414.77.gill	13414.52.gill	13414.67.gill	13414.88.gill	13414.8.gill	13414.83.gill	13414.95.g	13414.92.g	13414.93.g	13414.96.g	13414.75.gill	13414.2.gill	13414.32.gill	13414.60.gill	13414.99.g	13414.91.g	13414.A1.gill	13414.A10.gill	13414.85.gill	13414.A11.gill	13414.A12.gill	13414.A13.gill	13414.A14.gill	13414.A2.gill	13414.A20.gill	13414.A21.gill	13414.A23.gill	13414.A4.gill	13414.A5.gill	13414.89.g	13414.A8.gill	13414.A9.gill
13414.45.gill	0	0.23641468	0.93129599	0.160846906	0.278045768	0.113148383	0.861625958	0.982353021	0.736588662	0.6410527	0.877416102	0.672890573	0.797573093	0.866509258	0.268284885	0.478773181	0.108922039	0.813179808	0.717796164	0.730712152	0.345379989	0.384080384	0.729370513	0.757687584	0.92637795	0.96473003	0.310790901	0.732797054	1.004528584	0.766674978	0.719036397	0.800648227	0.906492155	0.114821123	0.664801458	0.947464514	0.466462563	0.79555823	0.176026713	0.630580975	0.077624262	0.57105409	0.931860402	0.705211723	0.976242369	0.95509224	0.65386158	0.597183967	0.802679424	0.157062231	0.579858504	0.850493175	0.768154766	0.57265099	0.176452256	0.326802385	0.962977362	0.831746854	0.784800482	0.759722748	0.756837505	0.659824411	0.940820282	0.96280639	0.615855302	0.957070584	0.891779066	0.770156382	0.994100211	0.708228276	0.767141718	0.128007822	0.772455896	0.840396568	0.783926385	0.841073633	0.445783222	0.5289708	0.638278427	0.629751991	0.816684713	0.744858685	0.780302135	0.636835638	0.742208344	0.739163366	0.566514931	0.81829641	0.738211832	0.68040027	0.853891847	0.713994371	0.683873753	0.535905813	1.092592421	0.156708619	0.783400372	0.685913159	0.65026138	0.680107912	0.646179582	0.594254826
13414.25.gill	0.23641468	0	0.8738087	0.135431622	0.211341073	0.156448698	0.855943862	0.927940911	0.677099095	0.600585358	0.801791775	0.643131966	0.735470006	0.798239144	0.263413424	0.476219141	0.155173944	0.763758348	0.678232	0.672407835	0.268582744	0.402032929	0.76482014	0.70137596	0.880926554	0.928034281	0.242558468	0.662587523	0.955614406	0.747264566	0.646227677	0.745254285	0.853779131	0.157293303	0.618282001	0.884670403	0.400215511	0.713731172	0.142196035	0.596332489	0.203079423	0.53039127	0.871842546	0.647543728	0.92266612	0.902275862	0.593223956	0.571874313	0.71416134	0.158389182	0.522813956	0.824092638	0.701701846	0.5138747	0.136839926	0.321366228	0.908671754	0.771092576	0.748117566	0.756983167	0.725703412	0.616180433	0.889600778	0.893313635	0.525502052	0.887852342	0.832218584	0.710314235	0.938960321	0.682786047	0.691401234	0.228477247	0.7527504	0.769514255	0.728829634	0.802812932	0.357880106	0.4905681	0.597460179	0.664154853	0.745008141	0.697862525	0.725832388	0.676098426	0.695770489	0.664902891	0.597964699	0.755233814	0.68228018	0.624228012	0.804272887	0.687687153	0.646032653	0.496500569	1.080763667	0.125238948	0.707758877	0.613277576	0.566711696	0.616208644	0.621440015	0.524509556
13414.14.gill	0.93129599	0.8738087	0	0.919451033	0.921798452	0.917323258	0.612990809	0.472742393	0.919627209	0.878837003	0.940186598	0.975751322	0.91663511	0.35436808	0.878851919	0.845636975	0.917361325	0.742215337	0.959143156	0.949809111	0.924470019	0.866724529	1.113869247	0.67624618	0.679445112	0.981392341	0.822817135	0.800378177	0.749866058	0.873867747	0.887896492	0.903984395	0.910028595	0.919480545	0.826076341	0.355459561	0.933128131	0.490402641	0.891454797	0.890619228	0.90663328	0.474695071	0.513929831	0.419869811	0.461733442	0.713004658	0.87531159	0.825585312	0.42679045	0.821765936	0.941875706	1.033754227	0.892602568	0.875660451	0.840394952	0.932623076	0.533722961	0.931858569	0.859865086	0.814257133	0.668083518	0.826560655	0.690856142	0.481246515	0.860897512	0.721364978	0.660232499	0.780182671	0.469569064	0.90183549	0.986661386	0.939359586	0.859000941	0.6582238	0.764343112	0.888641958	0.896037982	0.95535924	0.807510295	0.977121267	0.81289584	0.929041496	0.955917598	1.025276672	0.821071708	0.904968941	0.946426178	0.898352444	0.863177534	0.960464026	0.865770958	0.882860043	0.908665993	0.860897903	1.065759914	0.907764797	0.900380449	0.862912526	0.792391992	0.790409657	0.945616544	0.875419274
13414.38.gill	0.160846906	0.135431622	0.919451033	0	0.207004017	0.07414599	0.849662731	0.972519754	0.676823174	0.614976704	0.8160967	0.642751083	0.746623391	0.851507006	0.235874212	0.466311287	0.075478867	0.804428582	0.701517682	0.675753839	0.269978891	0.376963273	0.7304496	0.719005498	0.910716068	0.946966801	0.267424464	0.681894189	0.995810381	0.716965246	0.658113172	0.768559842	0.905752377	0.075216689	0.603293593	0.931745341	0.400995754	0.748360247	0.093940841	0.599558814	0.136355274	0.573109945	0.917818449	0.697251755	0.967404586	0.946969652	0.601493543	0.578175066	0.76333875	0.150004941	0.522916752	0.835379012	0.710113026	0.517222922	0.141486276	0.298220338	0.952965216	0.784934326	0.743911779	0.748855862	0.744486636	0.62793687	0.919178486	0.940593139	0.572452428	0.948036312	0.87552686	0.721413024	0.98402799	0.696591901	0.703086171	0.192278473	0.76398274	0.816362054	0.767598208	0.8255043	0.394761051	0.50192752	0.596566381	0.632589266	0.76107753	0.702436119	0.743214163	0.640571111	0.724238168	0.684140335	0.565291155	0.772192543	0.689440987	0.654081805	0.820917458	0.675752956	0.662311298	0.492351493	1.081725602	0.063235157	0.754194025	0.629405139	0.602736229	0.64882073	0.627155251	0.543352339
13414.41.gill	0.278045768	0.211341073	0.921798452	0.207004017	0	0.2081138	0.884782932	0.983625771	0.733251693	0.591642003	0.857392248	0.708731827	0.760465202	0.789653403	0.281535177	0.541418933	0.209837374	0.805395661	0.715369161	0.758012503	0.085914183	0.454778179	0.809848148	0.625673912	0.889334002	0.761354794	0.271209341	0.689174635	1.008084083	0.793769223	0.553973765	0.80659103	0.900022511	0.21377808	0.672425141	0.948379227	0.209841549	0.795171112	0.177433966	0.650752827	0.233753542	0.579799325	0.878588125	0.710981236	0.980802764	0.960999934	0.680273135	0.519479218	0.787735739	0.228047608	0.332370736	0.836084609	0.751889255	0.536289345	0.21459784	0.355011355	0.964864647	0.686476886	0.773680537	0.788397083	0.71841971	0.644626199	0.940969359	0.953545436	0.56807251	0.96170746	0.860974585	0.757058305	0.995136967	0.643286563	0.761010906	0.280306143	0.776048417	0.758091661	0.78115388	0.729774016	0.43992346	0.56029996	0.65738652	0.705417455	0.812598696	0.750787656	0.796100106	0.717704034	0.7097759	0.732521805	0.641430433	0.740273205	0.740639514	0.66904321	0.801000008	0.737731822	0.680046029	0.52606939	1.028160703	0.202521572	0.7235183	0.696245799	0.605530893	0.660424474	0.662037551	0.598730101
13414.3.gill	0.113148383	0.156448698	0.917323258	0.07414599	0.2081138	0	0.846143832	0.967757097	0.721572555	0.619399812	0.863249302	0.659320559	0.783717638	0.853221547	0.269224474	0.463070077	0.016905078	0.804324891	0.702860229	0.719081899	0.262428761	0.369693661	0.712953712	0.736004603	0.907935014	0.946169571	0.274259369	0.718236402	0.993636164	0.754536937	0.702488404	0.782915153	0.902651502	0.009728716	0.638173836	0.935932047	0.39392829	0.78375625	0.086027746	0.616837783	0.130453824	0.569383152	0.922412678	0.701259453	0.96506734	0.945893401	0.642132182	0.581696059	0.774961921	0.143760114	0.512986629	0.838828645	0.752341723	0.557291947	0.142054632	0.335674503	0.94906484	0.814300795	0.773123743	0.746039529	0.74578081	0.641068044	0.92565565	0.941047782	0.573090966	0.946603524	0.881168188	0.756935597	0.979324701	0.700574859	0.75226064	0.196857161	0.75714339	0.825395133	0.766858847	0.824040634	0.418636861	0.5225203	0.624401832	0.613367089	0.801855316	0.731139447	0.768842462	0.619359471	0.729568088	0.726316548	0.552768795	0.802228355	0.725741332	0.66680125	0.838799702	0.699267959	0.671346738	0.522149803	1.078441412	0.073712089	0.772148952	0.669698655	0.636195923	0.66509811	0.631946067	0.58494144
13414.15.gill	0.861625958	0.855943862	0.612990809	0.849662731	0.884782932	0.846143832	0	0.975935681	0.856721955	0.868791998	0.900513036	0.900155485	0.896000782	0.468726748	0.819816999	0.772891858	0.846508725	0.845861829	0.952067758	0.881215794	0.898026455	0.793323389	1.041732332	0.77991182	0.9270263	1.008243543	0.804855992	0.795376729	1.008525523	0.810503459	0.874713627	0.843976469	1.059514094	0.848177403	0.799592824	0.712396292	0.925954526	0.924301246	0.845028326	0.823510441	0.844828688	0.88739104	0.932088399	0.914324014	0.977318754	0.974335395	0.802527941	0.853914935	0.943803207	0.840367309	0.952054235	0.978025291	0.834299458	0.830058693	0.864903708	0.87154174	0.950139003	0.931168909	0.86346243	0.739663334	0.761371462	0.910687	0.932160121	0.999113282	0.950080831	0.837195335	0.906880643	0.82167379	0.984002595	0.884392106	0.937870869	0.870034283	0.839504838	0.843622916	0.764878484	0.897236825	0.876497547	0.883845899	0.742382675	0.903401708	0.827424681	0.879832032	0.890062098	0.952858422	0.875173691	0.862807963	0.875490444	0.903149691	0.816896631	0.910484484	0.901100431	0.81312714	0.859944894	0.831675579	1.089685206	0.847021318	0.890819245	0.794963477	0.788007222	0.798402447	0.895804989	0.81794516
13414.49.gill	0.982353021	0.927940911	0.472742393	0.972519754	0.983625771	0.967757097	0.975935681	0	0.979319773	0.94792389	1.028055391	1.028424018	0.988726896	0.757921919	0.953970737	0.894830664	0.96674323	0.757640112	1.073896256	1.006294916	0.985931878	0.915784537	1.163867547	0.872910822	0.629968258	1.022359273	0.937920045	0.880067882	0.536838677	0.932278325	0.959090388	0.968655254	0.976249819	0.968125803	0.928324014	0.65685099	0.994403153	0.549841844	0.96184528	0.946065927	0.966491698	0.502886058	0.446264145	0.329856688	0.083634698	0.538810708	0.927380297	0.885532576	0.296756171	0.87440579	1.002598954	1.108806409	0.959772694	0.94789916	0.895677203	0.992730818	0.166561181	1.003476386	0.921508269	0.870942682	0.737901243	0.886396816	0.48656841	0.14231239	0.922016656	0.957216334	0.639650115	0.83572374	0.044458943	0.972023739	1.053161795	0.991839579	0.90724014	0.699881083	0.825670839	0.951322551	0.947729511	1.007360623	0.863721056	1.02551934	0.875184448	0.991783864	1.017251177	1.075692651	0.883102717	0.965554677	0.998189965	0.965174322	0.928400446	1.024310371	0.934391391	0.937291324	0.970767707	0.916729871	1.066596255	0.95755814	0.964620385	0.919639542	0.859840415	0.849968482	1.004155328	0.935511165
13414.10.gill	0.736588662	0.677099095	0.919627209	0.676823174	0.733251693	0.721572555	0.856721955	0.979319773	0	0.807199407	0.610623405	0.723382051	0.645972001	0.809871656	0.591591899	0.617568428	0.724913374	0.824586674	0.845245892	0.562572436	0.75541524	0.660923705	0.919918793	0.77120612	0.888619474	0.935392449	0.675196139	0.621710942	1.000220778	0.640213512	0.606039869	0.675916096	0.804665094	0.726624293	0.665165134	0.911399107	0.802622049	0.774029077	0.68735714	0.655644117	0.675826538	0.822966183	0.893288925	0.844357013	0.971354151	0.947582737	0.470929547	0.765067586	0.870156195	0.709161319	0.84656159	0.760347813	0.564911963	0.62136702	0.729704698	0.651875295	0.959707124	0.778281769	0.708865768	0.759136694	0.728495682	0.795324135	0.92543637	0.965725295	0.760167325	0.794938248	0.854901232	0.657888147	0.990017296	0.749606837	0.664674559	0.706700379	0.788705845	0.77356879	0.762416116	0.801510282	0.716383591	0.657205792	0.583119639	0.789388454	0.640771315	0.696667348	0.583809962	0.833850431	0.726398588	0.581484487	0.749033009	0.753914433	0.636525723	0.740205142	0.791080494	0.576200286	0.622883514	0.625546843	1.07827104	0.709758814	0.703539618	0.536202819	0.60009154	0.646324675	0.745245979	0.549810111
13414.31.gill	0.6410527	0.600585358	0.878837003	0.614976704	0.591642003	0.619399812	0.868791998	0.94792389	0.807199407	0	0.872413854	0.815993961	0.774875138	0.750663902	0.597306631	0.69020809	0.618822067	0.735768679	0.85915246	0.791066829	0.580234288	0.671164672	0.967760928	0.634863505	0.887282317	0.814552042	0.57483523	0.619090984	0.973675207	0.808107061	0.669904815	0.807846052	0.90040305	0.620277345	0.696918916	0.912442561	0.559182615	0.733084008	0.601140892	0.72179275	0.615277855	0.593325782	0.854320998	0.678914903	0.943518124	0.925478427	0.73352911	0.460720182	0.754885154	0.580730845	0.547740282	0.877338974	0.789716259	0.587051604	0.60423214	0.617019538	0.929113893	0.721161751	0.774862424	0.80292114	0.698220206	0.618019766	0.907743673	0.925496297	0.635014768	0.95817207	0.83209245	0.726520893	0.959624573	0.640050536	0.78640069	0.616491656	0.768829594	0.753620334	0.799335469	0.757310935	0.620361764	0.665177889	0.677691662	0.846441637	0.789179673	0.781136994	0.826423239	0.876307383	0.679512936	0.766753681	0.796483837	0.739724269	0.753362579	0.740873246	0.79198569	0.767624805	0.728658422	0.635364237	0.958902936	0.605517528	0.739762703	0.718227626	0.619490537	0.665485965	0.803117007	0.636931648
13414.22.gill	0.877416102	0.801791775	0.940186598	0.8160967	0.857392248	0.863249302	0.900513036	1.028055391	0.610623405	0.872413854	0	0.865012498	0.712972296	0.834530591	0.686795313	0.739470824	0.86656971	0.872636822	0.945920144	0.376427376	0.87302274	0.798185824	1.054639555	0.787094984	0.939476648	0.929628613	0.757983911	0.638892597	1.054197429	0.393961354	0.615018188	0.722712303	1.000615141	0.868104875	0.506066327	0.936576139	0.901597936	0.840820841	0.797135899	0.755441477	0.820387359	0.893008463	0.873330769	0.899005134	1.01801959	0.997683467	0.569908407	0.815674485	0.917898798	0.835712085	0.927355901	0.905237402	0.494347681	0.666918198	0.85748712	0.783460556	1.007398748	0.760240358	0.647742801	0.817082922	0.741433713	0.877624993	0.976827549	1.020996285	0.84920018	0.949628053	0.874173456	0.624395382	1.037352044	0.790885465	0.674878792	0.831719204	0.82718044	0.788959301	0.811775334	0.801031226	0.814428432	0.782571738	0.636676704	0.924292857	0.605180114	0.755442803	0.687130487	0.970510735	0.746975305	0.62837799	0.884040359	0.740188281	0.637168275	0.810888111	0.76950754	0.653129981	0.719870075	0.659158764	1.121419506	0.846806708	0.733256183	0.575972677	0.621369243	0.688499979	0.835929294	0.622481649
13414.100.g	0.672890573	0.643131966	0.975751322	0.642751083	0.708731827	0.659320559	0.900155485	1.028424018	0.723382051	0.815993961	0.865012498	0	0.762098241	0.89330165	0.648718872	0.569442124	0.659739199	0.878128792	0.813253092	0.754426375	0.736002966	0.543843638	0.854440935	0.8315263	0.956083907	0.998871549	0.653329012	0.730606625	1.053765842	0.786283546	0.748881864	0.793276126	0.977861618	0.661200191	0.783727639	0.965196823	0.80008383	0.825466764	0.656776993	0.558788863	0.646059682	0.823576939	0.947694641	0.869392967	1.020401399	1.005574919	0.66562751	0.792932442	0.902974159	0.657822784	0.860078463	0.841433424	0.75140853	0.675357222	0.675369315	0.665401202	1.003240231	0.863677025	0.838504344	0.803181649	0.782933375	0.825109218	0.981170519	1.023957496	0.803337164	0.958654038	0.898865394	0.785744531	1.03911371	0.752063415	0.802019451	0.642788499	0.813405002	0.849150822	0.821957724	0.858135815	0.674634563	0.645642333	0.640658959	0.518176621	0.794849661	0.630475737	0.771748311	0.759233396	0.73933863	0.724649832	0.683621344	0.839242438	0.735859831	0.740768743	0.865095434	0.686152697	0.673310902	0.676728351	1.134239416	0.648731444	0.731217113	0.655718336	0.66100828	0.69159477	0.576685349	0.647390688
13414.27.gill	0.797573093	0.735470006	0.91663511	0.746623391	0.760465202	0.783717638	0.896000782	0.988726896	0.645972001	0.774875138	0.712972296	0.762098241	0	0.77855177	0.674549066	0.703856393	0.787212564	0.796469037	0.866830246	0.696529599	0.775603745	0.712142015	0.994902491	0.694070817	0.868795211	0.90613081	0.68829646	0.601129336	1.012244805	0.714890754	0.613457902	0.717742875	0.869164373	0.788604287	0.665670814	0.865111283	0.804119137	0.784104391	0.729070699	0.679193732	0.739538792	0.800042231	0.885634246	0.825173255	0.976751109	0.951528918	0.626748248	0.743391882	0.845594593	0.74241715	0.837147683	0.818218801	0.657157147	0.606848462	0.762653405	0.716998795	0.967124933	0.735648731	0.66846556	0.806799386	0.702546389	0.742388219	0.939435249	0.965189985	0.753152808	0.884917951	0.832337987	0.613306933	0.999321254	0.691705057	0.625584719	0.764444543	0.793959065	0.75917221	0.784721709	0.76971102	0.732973831	0.686315681	0.612363573	0.852862259	0.69727694	0.682410278	0.622285424	0.902017349	0.668470412	0.62632718	0.820260542	0.71640104	0.655565483	0.764147261	0.756788749	0.61247848	0.662654393	0.663520185	1.09550555	0.764785858	0.650478052	0.594151669	0.58937299	0.611050803	0.794058607	0.615295018
13414.16.gill	0.866509258	0.798239144	0.35436808	0.851507006	0.789653403	0.853221547	0.468726748	0.757921919	0.809871656	0.750663902	0.834530591	0.89330165	0.77855177	0	0.785313122	0.785014572	0.856937891	0.696758398	0.875686426	0.87769766	0.792995989	0.800344822	1.060662315	0.526861598	0.759336819	0.835832167	0.721244137	0.676898747	0.876069734	0.79918927	0.712052877	0.802999498	0.871305188	0.859501143	0.755225492	0.469917884	0.80167978	0.660989684	0.798285711	0.802970113	0.817197751	0.678840692	0.665150385	0.663267771	0.74425976	0.811173563	0.789742562	0.733070625	0.677301209	0.753404874	0.823380114	0.938023624	0.787655929	0.749881306	0.771116635	0.842374235	0.76797878	0.762772599	0.771145733	0.781293288	0.627434883	0.782421004	0.81768146	0.742131067	0.783014299	0.656763293	0.709847527	0.697588005	0.763670797	0.761212708	0.882521418	0.852474841	0.805563563	0.573396295	0.717687429	0.731110335	0.820765363	0.86102808	0.728811783	0.922009926	0.714860837	0.834878202	0.871926887	0.96577758	0.713673625	0.80559473	0.886952724	0.755936116	0.77436397	0.856676609	0.733352031	0.796997123	0.803585243	0.771653221	1.009723173	0.836750151	0.757289909	0.763138121	0.675007083	0.684515437	0.874512185	0.777241234
13414.20.gill	0.268284885	0.263413424	0.878851919	0.235874212	0.281535177	0.269224474	0.819816999	0.953970737	0.591591899	0.597306631	0.686795313	0.648718872	0.674549066	0.785313122	0	0.513471733	0.268698942	0.775760552	0.66448804	0.595121872	0.304215654	0.427244249	0.779058277	0.6452768	0.870364214	0.890276598	0.235190261	0.621683745	0.976499744	0.589161417	0.54400061	0.744168522	0.85642446	0.274093334	0.470538571	0.880836413	0.413461676	0.719070242	0.238632753	0.574357636	0.223997992	0.52688717	0.887370241	0.671760357	0.944876539	0.922609595	0.558245319	0.549926102	0.758317111	0.231724903	0.526408656	0.805530487	0.604116401	0.469155019	0.26946849	0.2561039	0.933709545	0.738101323	0.619135348	0.737390888	0.694546326	0.596949919	0.901379157	0.921062467	0.567258796	0.91530944	0.831238816	0.602251863	0.965230992	0.653281337	0.654349163	0.260981799	0.745066157	0.774854752	0.742313471	0.772123165	0.394819341	0.48735274	0.558345383	0.671305389	0.66031639	0.662640532	0.727062076	0.683873597	0.690827349	0.650062024	0.607262439	0.715100542	0.620165055	0.626118758	0.778648213	0.64360824	0.63007091	0.376154763	1.060845633	0.25596197	0.728817521	0.572980796	0.565048277	0.602321342	0.619754452	0.481080274
13414.101.g	0.478773181	0.476219141	0.845636975	0.466311287	0.541418933	0.463070077	0.772891858	0.894830664	0.617568428	0.69020809	0.739470824	0.569442124	0.703856393	0.785014572	0.513471733	0	0.459882593	0.752845825	0.6341698	0.605812294	0.578032454	0.409870953	0.634632437	0.726621766	0.841465116	0.905778361	0.524023428	0.608791098	0.9234735	0.683351928	0.640186058	0.683819733	0.861729942	0.460934692	0.658729493	0.861204372	0.646796488	0.690518652	0.484620718	0.559344426	0.464326	0.677722785	0.847817132	0.738715712	0.890924786	0.884675244	0.533989162	0.660423755	0.790776691	0.474666413	0.711081873	0.740960511	0.638227374	0.588282056	0.496409479	0.547378952	0.873475747	0.771784694	0.737334599	0.67313604	0.671497072	0.708926982	0.851521058	0.89784016	0.689069272	0.853925376	0.805824502	0.661481198	0.903873574	0.670304111	0.69188294	0.489041206	0.680251096	0.748488763	0.698455952	0.764276827	0.575284474	0.537673711	0.538847503	0.550944336	0.700812654	0.650366947	0.653916992	0.549651183	0.678595147	0.626794293	0.47684582	0.745915577	0.645069035	0.622897302	0.780660441	0.608420678	0.580182353	0.558550827	1.004987859	0.46494648	0.672234916	0.568625754	0.549310166	0.587787983	0.552494886	0.547851007
13414.39.gill	0.108922039	0.155173944	0.917361325	0.075478867	0.209837374	0.016905078	0.846508725	0.96674323	0.724913374	0.618822067	0.86656971	0.659739199	0.787212564	0.856937891	0.268698942	0.459882593	0	0.801066408	0.705401694	0.717754833	0.267438303	0.367488924	0.709287384	0.74297464	0.914092821	0.949367671	0.277104743	0.720351214	0.99167977	0.757624951	0.707072579	0.79026856	0.902187137	0.010557218	0.636778447	0.936338534	0.398703239	0.782627127	0.087922891	0.620041679	0.130072907	0.565553363	0.922704582	0.699962341	0.964489424	0.94530574	0.64127698	0.58343183	0.775583806	0.143633839	0.521060804	0.839322474	0.756301903	0.555921083	0.139596896	0.333208224	0.947725895	0.817510211	0.776633183	0.744266876	0.745224515	0.643388092	0.925173909	0.944744531	0.574170303	0.944602948	0.882197728	0.756656809	0.97838474	0.700488827	0.751521469	0.192671296	0.759279777	0.83074069	0.77031598	0.830687877	0.419045249	0.521198135	0.62517031	0.609545755	0.805575902	0.735510626	0.768890424	0.6192319	0.730230776	0.726410228	0.553946562	0.807341992	0.727069016	0.669336436	0.841521448	0.700661184	0.671722063	0.523106161	1.080140038	0.073311945	0.77265843	0.67488419	0.637661821	0.667886506	0.63344571	0.583763676
13414.46.gill	0.813179808	0.763758348	0.742215337	0.804428582	0.805395661	0.804324891	0.845861829	0.757640112	0.824586674	0.735768679	0.872636822	0.878128792	0.796469037	0.696758398	0.775760552	0.752845825	0.801066408	0	0.910077772	0.856671494	0.803141463	0.765850509	1.023022157	0.687493307	0.706115212	0.793355212	0.760534877	0.695284766	0.750612557	0.779715604	0.766207302	0.765406982	0.842632587	0.806539958	0.758817626	0.776810256	0.802516472	0.735361476	0.786358801	0.774985368	0.794877882	0.679505914	0.68861245	0.679726096	0.754054686	0.69760345	0.764588322	0.669781142	0.699794516	0.740656194	0.801571459	0.925551085	0.80257728	0.740732371	0.756761975	0.809534664	0.740860195	0.793658533	0.73044043	0.722642313	0.611502197	0.753274821	0.726370377	0.741320446	0.78459536	0.898418298	0.679466999	0.659117562	0.769752096	0.745241473	0.86730377	0.817035872	0.764743337	0.615149295	0.645265895	0.762795874	0.779721716	0.833499503	0.712566639	0.887707499	0.730427878	0.830896544	0.859634305	0.931205015	0.713632147	0.790822612	0.856119729	0.770476781	0.766744151	0.846102564	0.759097734	0.787339053	0.805898375	0.745227044	0.899388405	0.788269518	0.789845297	0.759403139	0.690945163	0.691906119	0.856868594	0.756596248
13414.24.gill	0.717796164	0.678232	0.959143156	0.701517682	0.715369161	0.702860229	0.952067758	1.073896256	0.845245892	0.85915246	0.945920144	0.813253092	0.866830246	0.875686426	0.66448804	0.6341698	0.705401694	0.910077772	0	0.840709109	0.753366171	0.665279936	0.215170188	0.80316566	1.012605389	1.061124095	0.635880072	0.805879142	1.106628145	0.881869009	0.813009759	0.908476944	1.008023268	0.707908906	0.780656483	0.995305489	0.82197399	0.872090797	0.670002745	0.752845893	0.682636605	0.840577989	1.005731999	0.900754276	1.064702225	1.052950692	0.780891039	0.827899785	0.9512661	0.648925886	0.886417102	0.87599608	0.864369407	0.742470931	0.674814128	0.725114067	1.059359979	0.931012352	0.901116339	0.892070396	0.832785005	0.872161805	1.038812141	1.054821379	0.867089534	1.016611124	0.952339682	0.867402655	1.084509313	0.828875362	0.901426428	0.721199065	0.874297538	0.915072297	0.875284867	0.939753194	0.74831365	0.760617721	0.754934592	0.813500755	0.908464687	0.843842885	0.899168551	0.798727326	0.861086447	0.843591692	0.72092194	0.924414364	0.821236855	0.807433455	0.940370227	0.836064883	0.764660943	0.731889117	1.206435634	0.691726644	0.876070941	0.790502826	0.765576918	0.780801852	0.746200346	0.755776889
13414.34.gill	0.730712152	0.672407835	0.949809111	0.675753839	0.758012503	0.719081899	0.881215794	1.006294916	0.562572436	0.791066829	0.376427376	0.754426375	0.696529599	0.87769766	0.595121872	0.605812294	0.717754833	0.856671494	0.840709109	0	0.773870903	0.653754593	0.893294688	0.786976456	0.950503541	1.004001492	0.69694836	0.622665592	1.032524696	0.501412857	0.626802589	0.738051412	0.929308028	0.718835413	0.462147749	0.961637062	0.803510053	0.745577235	0.720823384	0.654847208	0.702227708	0.796792787	0.938408702	0.825054286	0.999012803	0.984948968	0.415261334	0.748304443	0.876190309	0.715985673	0.846789774	0.815059478	0.471354079	0.597647345	0.734581039	0.671409681	0.986773976	0.810443306	0.646924729	0.780790674	0.752206379	0.792684471	0.955947398	0.995961123	0.787105727	0.927289766	0.895388349	0.616761468	1.017171717	0.749551116	0.64033257	0.725677608	0.793338561	0.84037538	0.799834772	0.857027655	0.707033016	0.667297949	0.564765294	0.801417514	0.618514694	0.701511227	0.597980426	0.833747501	0.755385831	0.565831404	0.757016329	0.790195039	0.644209397	0.742680578	0.834407648	0.600501657	0.665094389	0.598273612	1.117165696	0.707207509	0.728271082	0.517323636	0.571982937	0.652970521	0.77179613	0.542926204
13414.42.gill	0.345379989	0.268582744	0.924470019	0.269978891	0.085914183	0.262428761	0.898026455	0.985931878	0.75541524	0.580234288	0.87302274	0.736002966	0.775603745	0.792995989	0.304215654	0.578032454	0.267438303	0.803141463	0.753366171	0.773870903	0	0.496366512	0.846679701	0.607357764	0.889908269	0.686121853	0.284953248	0.690021485	1.011113913	0.80755383	0.55058321	0.820717147	0.906284781	0.269425551	0.686609297	0.951705995	0.13636277	0.801053651	0.23248114	0.668082161	0.302130367	0.585508251	0.881800273	0.718036653	0.983299567	0.963403327	0.701673039	0.497750501	0.792343813	0.293110259	0.255599536	0.850056189	0.767371898	0.557549257	0.282182201	0.381422069	0.967265242	0.658041993	0.779180567	0.801565475	0.721190068	0.648378594	0.943951589	0.957758316	0.570701754	0.97490737	0.864191382	0.760474627	0.997602907	0.637195234	0.777018372	0.348401909	0.781625866	0.754661153	0.796190693	0.720031907	0.46337031	0.586779511	0.672050392	0.738760362	0.816132454	0.765636025	0.815061093	0.753680167	0.714135477	0.750244927	0.679492206	0.736676263	0.756110884	0.688531933	0.804281446	0.752325507	0.699193234	0.546832094	1.006308735	0.260925618	0.72821501	0.711330075	0.610046877	0.664459604	0.695825598	0.619310878
13414.103.g	0.384080384	0.402032929	0.866724529	0.376963273	0.454778179	0.369693661	0.793323389	0.915784537	0.660923705	0.671164672	0.798185824	0.543843638	0.712142015	0.800344822	0.427244249	0.409870953	0.367488924	0.765850509	0.665279936	0.653754593	0.496366512	0	0.669311282	0.707718312	0.855848413	0.91204839	0.442198673	0.658117552	0.943378716	0.692465289	0.64806288	0.729621457	0.884311966	0.368752369	0.648852642	0.873226089	0.58226071	0.721756023	0.389995618	0.50961242	0.370476717	0.641453173	0.859098584	0.716812279	0.911467844	0.8947285	0.586475498	0.628424903	0.778985672	0.388576045	0.662322641	0.776101852	0.691658216	0.577074033	0.411757322	0.473529385	0.894447553	0.781718034	0.739478999	0.694192122	0.679656052	0.680221136	0.871818787	0.908195456	0.663942717	0.885352262	0.817706177	0.698719761	0.926175064	0.672195418	0.717459766	0.402525033	0.701135861	0.765065488	0.717221596	0.770634918	0.504300801	0.514939973	0.553630106	0.521896991	0.732998296	0.612589166	0.708007676	0.570020292	0.653049275	0.651254898	0.504606245	0.74405024	0.657108341	0.632719107	0.77588167	0.612798874	0.596506518	0.441472778	1.027219786	0.377125587	0.66626216	0.603572031	0.532100358	0.595739873	0.522991628	0.566469503
13414.21.gill	0.729370513	0.76482014	1.113869247	0.7304496	0.809848148	0.712953712	1.041732332	1.163867547	0.919918793	0.967760928	1.054639555	0.854440935	0.994902491	1.060662315	0.779058277	0.634632437	0.709287384	1.023022157	0.215170188	0.893294688	0.846679701	0.669311282	0	0.99149731	1.110605476	1.1815966	0.797855483	0.911725165	1.192079843	0.95039082	0.931918912	0.991435417	1.145485844	0.710098047	0.92124062	1.1298522	0.915803859	0.966775624	0.74710624	0.826226519	0.728595656	0.946704878	1.109457383	1.011051889	1.158109927	1.150447621	0.84926422	0.928146006	1.063243407	0.74060972	0.98002933	0.955965831	0.949024875	0.854659413	0.766195398	0.817486017	1.142311751	1.045702556	1.003676372	0.941784117	0.935335868	0.974100311	1.117916912	1.16618645	0.976370261	1.140705249	1.065964031	0.952765772	1.172378638	0.93287421	1.00098935	0.76664907	0.933557478	1.025452615	0.966246977	1.043000929	0.845211293	0.828541775	0.816669049	0.805017202	0.994777357	0.928288957	0.965784266	0.784872614	0.965902208	0.941449048	0.714016926	1.029692401	0.913343459	0.90371374	1.049986807	0.898223332	0.858207039	0.828911979	1.27425338	0.730306796	0.97352918	0.871817521	0.863851872	0.881595299	0.814181274	0.85308813
13414.40.gill	0.757687584	0.70137596	0.67624618	0.719005498	0.625673912	0.736004603	0.77991182	0.872910822	0.77120612	0.634863505	0.787094984	0.8315263	0.694070817	0.526861598	0.6452768	0.726621766	0.74297464	0.687493307	0.80316566	0.786976456	0.607357764	0.707718312	0.99149731	0	0.715767436	0.702273949	0.579331487	0.563957258	0.919767316	0.733223677	0.524683782	0.759472291	0.869060496	0.743952951	0.605824982	0.721355225	0.613563563	0.714506785	0.681486941	0.695298292	0.711891511	0.667432851	0.757222927	0.676142096	0.864600976	0.852426285	0.705169357	0.537240883	0.704342159	0.663825861	0.608524499	0.880912078	0.732084058	0.611445669	0.686355647	0.706985655	0.861532481	0.561449891	0.665868654	0.779108414	0.534947934	0.684558857	0.848704109	0.840054766	0.736067443	0.833669753	0.731228486	0.612147916	0.883099281	0.597678945	0.743928794	0.749906309	0.65975547	0.526198069	0.736667949	0.511875991	0.702308173	0.749745722	0.639109132	0.850719778	0.668418238	0.718193724	0.831451816	0.896554102	0.584486086	0.715194645	0.815637196	0.602480679	0.672932022	0.723193805	0.672741945	0.718482148	0.722402727	0.614634873	0.954638555	0.702363773	0.665499238	0.666710009	0.552350395	0.552999879	0.783827624	0.640642698
13414.18.gill	0.92637795	0.880926554	0.679445112	0.910716068	0.889334002	0.907935014	0.9270263	0.629968258	0.888619474	0.887282317	0.939476648	0.956083907	0.868795211	0.759336819	0.870364214	0.841465116	0.914092821	0.706115212	1.012605389	0.950503541	0.889908269	0.855848413	1.110605476	0.715767436	0	0.920968677	0.841032332	0.78839887	0.65239553	0.858605263	0.836007685	0.867533925	0.924618306	0.915530767	0.871612658	0.708600311	0.899359903	0.721342827	0.877695533	0.874489197	0.890204851	0.62893456	0.586112123	0.597001625	0.614428129	0.61509595	0.867799876	0.772832845	0.610088868	0.854014759	0.903434791	1.029922815	0.861423086	0.855642325	0.881049401	0.92133935	0.609825908	0.887529965	0.829298462	0.827346181	0.607998789	0.784104781	0.309964664	0.641979658	0.746637068	0.99860423	0.297197004	0.747967765	0.640457277	0.852101143	0.955430777	0.931210108	0.759569241	0.574961497	0.7747876	0.757278784	0.854036663	0.938113713	0.797919641	0.962777625	0.772519355	0.876956711	0.954983479	1.018116348	0.765417693	0.865861394	0.936065314	0.86128102	0.843931399	0.908700984	0.814263974	0.861129252	0.863963848	0.817193822	1.01056067	0.880889092	0.860527813	0.839351105	0.751662899	0.736669688	0.921438701	0.847367882
13414.11.gill	0.96473003	0.928034281	0.981392341	0.946966801	0.761354794	0.946169571	1.008243543	1.022359273	0.935392449	0.814552042	0.929628613	0.998871549	0.90613081	0.835832167	0.890276598	0.905778361	0.949367671	0.793355212	1.061124095	1.004001492	0.686121853	0.91204839	1.1815966	0.702273949	0.920968677	0	0.839822847	0.824550453	1.045022497	0.916234455	0.672066477	0.90491345	1.069452628	0.951772166	0.911573267	0.9893688	0.558246087	0.961535007	0.880845376	0.896065176	0.914612185	0.903574315	0.840849225	0.901750049	1.016808329	0.978027426	0.907088349	0.636938605	0.903425218	0.919006381	0.435752399	1.05213587	0.908384383	0.835137615	0.940387971	0.930330917	1.003322592	0.673053607	0.905730779	0.925881289	0.757651525	0.920389688	0.980360584	0.992312334	0.914224172	1.089358317	0.841855251	0.858334927	1.034172694	0.788783887	0.937217483	0.91338095	0.893561527	0.737058836	0.914092587	0.724740156	0.924783727	0.92830088	0.824957599	1.043721258	0.891079156	0.947296881	0.960485224	1.084773173	0.76816025	0.8749455	1.006359812	0.778301996	0.83920032	0.92850404	0.818432001	0.89151464	0.856762246	0.822447088	0.859025252	0.934668254	0.818557642	0.863672345	0.779280449	0.777670462	0.954671868	0.853743767
13414.37.gill	0.310790901	0.242558468	0.822817135	0.267424464	0.271209341	0.274259369	0.804855992	0.937920045	0.675196139	0.57483523	0.757983911	0.653329012	0.68829646	0.721244137	0.235190261	0.524023428	0.277104743	0.760534877	0.635880072	0.69694836	0.284953248	0.442198673	0.797855483	0.579331487	0.841032332	0.839822847	0	0.656772172	0.970277395	0.720419943	0.587824923	0.726612057	0.838773627	0.282433898	0.557045655	0.822457767	0.388089863	0.729513214	0.221024275	0.554205818	0.258895382	0.53865793	0.830509351	0.65055273	0.930596612	0.909989969	0.621846448	0.523016263	0.711541095	0.230283716	0.497147991	0.783032912	0.696507847	0.478139218	0.254196016	0.310015917	0.922277608	0.689818142	0.732989289	0.749370621	0.681854677	0.595173631	0.908293637	0.902616107	0.519220938	0.837941238	0.800256671	0.718994579	0.948999928	0.610004139	0.657472812	0.286824943	0.693735504	0.695438931	0.738617492	0.706794955	0.345725949	0.451668935	0.560902893	0.691896573	0.730234801	0.656837436	0.698998688	0.706966294	0.640797612	0.631249825	0.627953957	0.693926241	0.627599599	0.551437689	0.741347187	0.645496313	0.59114998	0.453240797	1.058497285	0.234153787	0.67145114	0.58320322	0.550135653	0.558853551	0.605958171	0.487384183
13414.47.gill	0.732797054	0.662587523	0.800378177	0.681894189	0.689174635	0.718236402	0.795376729	0.880067882	0.621710942	0.619090984	0.638892597	0.730606625	0.601129336	0.676898747	0.621683745	0.608791098	0.720351214	0.695284766	0.805879142	0.622665592	0.690021485	0.658117552	0.911725165	0.563957258	0.78839887	0.824550453	0.656772172	0	0.909247914	0.629584829	0.531051108	0.657367686	0.866502417	0.721074263	0.615432976	0.815766329	0.709392031	0.67050837	0.694272255	0.606635325	0.69277324	0.705697263	0.777156532	0.727129478	0.872531343	0.858572132	0.509546077	0.610531051	0.760591631	0.684694529	0.735085939	0.7969484	0.52469339	0.520112485	0.705725488	0.64203536	0.855586099	0.642255945	0.541823514	0.7115955	0.536657262	0.693923548	0.831414392	0.872108551	0.733131746	0.874801164	0.735412997	0.519936607	0.888839736	0.611503394	0.644666848	0.720205847	0.679639098	0.606191173	0.700419518	0.615063353	0.682021205	0.686249765	0.483846654	0.782691104	0.518602372	0.612366272	0.69400897	0.824125573	0.620252426	0.613587521	0.732540204	0.567062594	0.511870091	0.688114014	0.658976582	0.590319882	0.641533613	0.58665639	0.944589609	0.695996874	0.596910917	0.474890327	0.436801199	0.486009871	0.729059063	0.495001662
13414.30.gill	1.004528584	0.955614406	0.749866058	0.995810381	1.008084083	0.993636164	1.008525523	0.536838677	1.000220778	0.973675207	1.054197429	1.053765842	1.012244805	0.876069734	0.976499744	0.9234735	0.99167977	0.750612557	1.106628145	1.032524696	1.011113913	0.943378716	1.192079843	0.919767316	0.65239553	1.045022497	0.970277395	0.909247914	0	0.959192112	0.983145149	0.98393491	0.935871523	0.993788823	0.964538317	0.840403945	1.020003863	0.789444789	0.987760925	0.967826477	0.989421924	0.695483188	0.666581617	0.653277781	0.53625176	0.366536966	0.950936931	0.908760319	0.650775479	0.937601101	1.028705186	1.132620657	0.985361784	0.965808102	0.955597361	1.012456889	0.517838589	1.024458151	0.944589505	0.900545651	0.77052404	0.906112778	0.511970963	0.58934787	0.935160978	1.067042242	0.654538226	0.861344897	0.548302428	0.990474795	1.07277077	1.012799179	0.937072344	0.773086534	0.823865292	0.975679848	0.963834291	1.028478026	0.89048194	1.055700432	0.902785848	1.016635975	1.037889321	1.104406351	0.905667392	0.988145576	1.026752362	0.989192205	0.952796261	1.046740559	0.956148539	0.961976944	0.99150369	0.939455044	1.093952509	0.981834866	0.985237958	0.9433969	0.886173418	0.875397347	1.032588034	0.957557849
13414.29.gill	0.766674978	0.747264566	0.873867747	0.716965246	0.793769223	0.754536937	0.810503459	0.932278325	0.640213512	0.808107061	0.393961354	0.786283546	0.714890754	0.79918927	0.589161417	0.683351928	0.757624951	0.779715604	0.881869009	0.501412857	0.80755383	0.692465289	0.95039082	0.733223677	0.858605263	0.916234455	0.720419943	0.629584829	0.959192112	0	0.625681844	0.722396942	0.965498517	0.758115388	0.299619622	0.829577505	0.836242477	0.773954724	0.733078166	0.685443686	0.743492338	0.801303803	0.854438323	0.819912215	0.923629308	0.900848605	0.616518732	0.753317951	0.840425966	0.746741659	0.859299699	0.884065843	0.536172723	0.655954847	0.765898696	0.699071237	0.913124032	0.791920017	0.578431704	0.71222077	0.660399675	0.748025352	0.87954567	0.929262443	0.835161144	0.927747955	0.814897073	0.560742456	0.943383947	0.761155657	0.73207999	0.746518469	0.738244757	0.740568743	0.725481307	0.768405343	0.745375021	0.749740982	0.574786444	0.818339083	0.576371022	0.684585876	0.759673512	0.862790266	0.739418771	0.699229076	0.776184788	0.729958295	0.610441249	0.78326089	0.754212024	0.637989233	0.726852167	0.587954819	1.044196458	0.739303927	0.760172366	0.599194133	0.632003376	0.648698883	0.775155991	0.631277225
13414.12.gill	0.719036397	0.646227677	0.887896492	0.658113172	0.553973765	0.702488404	0.874713627	0.959090388	0.606039869	0.669904815	0.615018188	0.748881864	0.613457902	0.712052877	0.54400061	0.640186058	0.707072579	0.766207302	0.813009759	0.626802589	0.55058321	0.64806288	0.931918912	0.524683782	0.836007685	0.672066477	0.587824923	0.531051108	0.983145149	0.625681844	0	0.693228247	0.899659621	0.708271027	0.588411049	0.846326144	0.573877369	0.698416482	0.634748609	0.61274768	0.656971791	0.717293665	0.73864428	0.759646573	0.951463581	0.90916428	0.57879799	0.586735568	0.793819804	0.671257567	0.604031048	0.822433007	0.603300222	0.520990221	0.694178697	0.625422685	0.940470523	0.442802494	0.643538539	0.78296816	0.64611388	0.676861873	0.907070113	0.926031322	0.679226015	0.90750786	0.773600321	0.590734665	0.970748709	0.549489323	0.609000259	0.670209144	0.681072508	0.638720232	0.763675776	0.492277529	0.622628592	0.594388046	0.539704378	0.80304599	0.619459078	0.64970902	0.675548996	0.838422541	0.504331332	0.544174519	0.756262026	0.471045179	0.481770184	0.607465646	0.568995086	0.596969509	0.569819394	0.476549945	1.005817851	0.679755988	0.502868627	0.504174711	0.469986485	0.454932606	0.686996572	0.492158294
