	13414.26.midgut	13414.19.midgut	13414.1.midgut	13414.14.midgut	13414.21.midgut	13414.15.midgut	13414.10.midgut	13414.45.midgut	13414.34.midgut	13414.31.midgut	13414.41.midgut	13414.100.midg	13414.25.midgut	13414.17.midgut	13414.102.midg	13414.3.midgut	13414.46.midgut	13414.36.midgut	13414.28.midgut	13414.103.midg	13414.27.midgut	13414.39.midgut	13414.16.midgut	13414.11.midgut	13414.40.midgut	13414.18.midgut	13414.44.midgut	13414.49.midgut	13414.24.midgut	13414.32.midgut	13414.13.midgut	13414.33.midgut	13414.42.midgut	13414.47.midgut	13414.30.midgut	13414.29.midgut	13414.4.midgut	13414.67.midgut	13414.71.midgut	13414.61.midgut	13414.63.midgut	13414.80.midgut	13414.66.midgut	13414.51.midgut	13414.81.midgut	13414.7.midgut	13414.6.midgut	13414.86.midgut	13414.50.midgut	13414.52.midgut	13414.78.midgut	13414.68.midgut	13414.43.midgut	13414.73.midgut	13414.48.midgut	13414.55.midgut	13414.84.midgut	13414.70.midgut	13414.60.midgut	13414.54.midgut	13414.59.midgut	13414.75.midgut	13414.65.midgut	13414.69.midgut	13414.58.midgut	13414.72.midgut	13414.5.midgut	13414.62.midgut	13414.53.midgut	13414.85.midgut	13414.87.midgut	13414.8.midgut	13414.82.midgut	13414.9.midgut	13414.74.midgut	13414.77.midgut	13414.88.midgut	13414.99.midg	13414.83.midgut	13414.95.midg	13414.98.midg	13414.96.midg	13414.101.midg	13414.22.midgut	13414.2.midgut	13414.20.midgut	13414.37.midgut	13414.90.midg	13414.91.midg	13414.93.midg	13414.94.midg	13414.89.midg
13414.26.midgut	0	0.784746337	0.851406578	0.911316421	0.776113504	0.891505236	0.864315418	0.939881504	0.962261282	0.843388211	0.916991976	0.930601025	0.938466668	0.854661372	0.924658917	0.845628525	0.894203476	0.897494241	0.813846786	0.802505269	0.841635411	0.807007591	0.928843802	0.909035203	0.834861024	0.755609474	0.914837623	0.882720129	0.753596987	0.79905293	0.908152219	0.925777979	0.906922621	0.869522256	0.807559174	0.821179152	0.795807569	0.925205898	0.753421803	0.778651201	0.953689934	0.744660959	0.93954394	0.809188961	0.782903775	0.905996356	0.791572605	0.932388405	0.842434956	0.892706275	0.902801422	0.754803005	0.940232745	0.869755793	0.815003664	0.830295525	0.895562198	0.803724509	0.778971009	0.837794164	0.911602098	0.941897305	0.951404708	0.916635054	0.795896951	0.916128138	0.810183671	0.911911984	0.863193217	0.923641901	0.74610053	0.79401729	0.871156011	0.814389515	0.934250764	0.828233738	0.750727099	0.833413825	0.826264286	0.859528626	0.867411766	0.777819918	0.878840523	0.827931829	0.92432243	0.790277898	0.822236003	0.793438058	0.759401589	0.917192187	0.821105235	0.805396007
13414.19.midgut	0.784746337	0	0.830415276	0.912109398	0.68263858	0.893967249	0.881676469	0.925380701	0.96357004	0.789877338	0.927268254	0.955540247	0.930818525	0.867601259	0.951158067	0.658963917	0.896891175	0.820322537	0.811214524	0.838308685	0.865563037	0.791092774	0.925828349	0.822643931	0.863653888	0.780420179	0.885979925	0.88703304	0.801089113	0.793770679	0.90826299	0.928723678	0.90618027	0.868467054	0.738364996	0.805525705	0.734707183	0.913399646	0.751951733	0.800595555	0.949302245	0.804664257	0.940308391	0.690147157	0.829575736	0.912008388	0.833230052	0.92228302	0.859174246	0.888047833	0.880549327	0.809596738	0.939276879	0.849138046	0.764688464	0.852932013	0.901308344	0.841904435	0.798743478	0.864448695	0.891040175	0.921842871	0.948994882	0.907016863	0.799190771	0.914626585	0.708276564	0.881903145	0.875175708	0.916498446	0.74328775	0.768673802	0.857944229	0.852984453	0.927325893	0.830593547	0.775538104	0.855908296	0.830726614	0.8958833	0.891827008	0.840492152	0.908283766	0.751244406	0.922290028	0.709147307	0.830286703	0.862756646	0.842669415	0.91165272	0.86344777	0.837938709
13414.1.midgut	0.851406578	0.830415276	0	0.84483097	0.7748099	0.837517089	0.811626231	0.888741545	0.915084047	0.76289351	0.876180267	0.982939807	0.885422522	0.844429785	0.957740963	0.825028212	0.865886366	0.814283311	0.820244771	0.885756214	0.872850691	0.843890475	0.868709906	0.827458481	0.841039286	0.836307055	0.846692619	0.824563737	0.848109082	0.837093926	0.835634129	0.882505307	0.841111814	0.834513265	0.782080905	0.805200797	0.781835877	0.864458218	0.801848292	0.838982971	0.912899001	0.871192711	0.899911076	0.836951649	0.83012075	0.831159507	0.814431479	0.883831554	0.82619119	0.82737793	0.827256638	0.881086957	0.878285667	0.796419009	0.799170386	0.912294269	0.854356106	0.850418911	0.846773769	0.900355292	0.853804214	0.880979574	0.912388661	0.88049458	0.845001954	0.839747567	0.809445664	0.866985338	0.816479125	0.88039499	0.806355132	0.781035413	0.826928858	0.884307097	0.898787158	0.821448589	0.817648535	0.883985115	0.812856717	0.951022984	0.930101673	0.882086158	0.958573734	0.827017425	0.906096142	0.838262908	0.803455453	0.914090499	0.909477233	0.910999483	0.915788656	0.920334792
13414.14.midgut	0.911316421	0.912109398	0.84483097	0	0.894595696	0.715113906	0.791322599	0.759047244	0.889320543	0.830885079	0.873596125	0.991487109	0.88571885	0.853634592	0.981363592	0.915794675	0.798104613	0.826532647	0.859171444	0.919480824	0.898839069	0.873862409	0.848854504	0.799792398	0.858308841	0.899389309	0.742184454	0.830260292	0.900864503	0.867302495	0.759163696	0.873354775	0.817609541	0.782580135	0.868544315	0.828674921	0.885537531	0.787323513	0.878347461	0.881195774	0.840374246	0.920499865	0.829843634	0.904843348	0.865613747	0.779769501	0.861674133	0.801570656	0.846491083	0.806305086	0.80448403	0.940774251	0.738489917	0.797518435	0.836791855	0.954646807	0.809479891	0.902137383	0.901471573	0.939090073	0.796066167	0.811808921	0.847727769	0.820077691	0.878142415	0.784612846	0.862711039	0.818661927	0.783748488	0.820049559	0.89491378	0.830702973	0.828662722	0.908830897	0.828555612	0.833989938	0.896901865	0.915063101	0.847868458	0.974780135	0.950265611	0.891892651	0.96096847	0.878830773	0.875407751	0.906808318	0.80705704	0.94382844	0.938575025	0.888599665	0.939219341	0.9403421
13414.21.midgut	0.776113504	0.68263858	0.7748099	0.894595696	0	0.882655223	0.852124935	0.924421841	0.965680849	0.765756733	0.933112762	0.970126883	0.936259369	0.857337467	0.934917699	0.695861336	0.877253389	0.834750777	0.796884273	0.835781985	0.847708636	0.786747137	0.921582713	0.829107116	0.837289228	0.769155886	0.879697227	0.864690623	0.778513187	0.772296443	0.887849885	0.932030839	0.884702534	0.846541785	0.719733159	0.784299443	0.699902881	0.914476853	0.739494382	0.769207153	0.944645242	0.802838271	0.934613082	0.734129623	0.778339723	0.902137646	0.805520021	0.921950471	0.828131169	0.862885208	0.872259493	0.808660536	0.929496339	0.840746215	0.754940929	0.828615126	0.891927402	0.82084761	0.763859711	0.793390479	0.874405303	0.919097835	0.944598669	0.912400782	0.788319001	0.906241628	0.719478034	0.87527413	0.850398411	0.905949876	0.715628084	0.750599512	0.846872567	0.841333792	0.930096381	0.814032214	0.752774156	0.817907578	0.806219112	0.912507854	0.865091498	0.840015604	0.925642711	0.784799327	0.914194018	0.715320169	0.798370592	0.875436287	0.835621875	0.908565549	0.853128538	0.86399359
13414.15.midgut	0.891505236	0.893967249	0.837517089	0.715113906	0.882655223	0	0.785948247	0.770914257	0.891821009	0.814675184	0.865313045	0.989138622	0.870318868	0.826653092	0.97708991	0.900482625	0.772212108	0.817672943	0.846559116	0.902465858	0.887886239	0.856422438	0.837166583	0.781300725	0.818115749	0.884394983	0.741612027	0.802512853	0.886419524	0.833201345	0.743328453	0.858277875	0.798352718	0.774174911	0.856156522	0.827271258	0.858557385	0.799745376	0.865194769	0.844028506	0.838537323	0.895698082	0.813516218	0.884504322	0.842704213	0.802163475	0.841127651	0.801607825	0.83195258	0.784728943	0.803682865	0.93535151	0.77148497	0.792160972	0.825462724	0.946015456	0.797398484	0.889784015	0.875792682	0.92346278	0.782379112	0.807179147	0.841567799	0.805524594	0.871699719	0.791869936	0.819626058	0.800680529	0.766967105	0.804145009	0.873187881	0.811433188	0.795654507	0.895621166	0.819320777	0.821290309	0.870119286	0.895724893	0.829131556	0.967974117	0.944392543	0.867664376	0.952172357	0.856329533	0.859593419	0.889462526	0.810296041	0.931323966	0.92519401	0.876721282	0.930094514	0.929762871
13414.10.midgut	0.864315418	0.881676469	0.811626231	0.791322599	0.852124935	0.785948247	0	0.849837367	0.903447957	0.791940392	0.869513214	0.977079681	0.890719996	0.820495083	0.969207503	0.899364758	0.791540185	0.842273833	0.814098377	0.876796261	0.872376748	0.843152417	0.87074243	0.84551923	0.813857548	0.865117592	0.813552251	0.81156711	0.866209582	0.823227845	0.796960715	0.864247507	0.825919539	0.799746916	0.827678511	0.807189773	0.840775634	0.820258499	0.838443428	0.843242838	0.876719613	0.889836318	0.848694011	0.881686224	0.79210001	0.807844529	0.827721637	0.83654958	0.807333128	0.816006294	0.829325585	0.89566358	0.853294161	0.792609245	0.812087238	0.904833415	0.797669376	0.859985793	0.840189754	0.907118114	0.829194758	0.844925944	0.870985979	0.829810748	0.849413686	0.819320052	0.820459584	0.819453368	0.787825556	0.829705324	0.857353251	0.757463518	0.794335341	0.876621187	0.851510314	0.808500085	0.8567418	0.86571767	0.806311639	0.94703843	0.925879474	0.841659472	0.938655483	0.839049319	0.865651339	0.87538606	0.768753008	0.892433453	0.894995198	0.882158983	0.909265353	0.915513884
13414.45.midgut	0.939881504	0.925380701	0.888741545	0.759047244	0.924421841	0.770914257	0.849837367	0	0.892282666	0.878351301	0.895564599	0.992965963	0.890407649	0.904522826	0.987192664	0.925853673	0.83797242	0.858417112	0.905078081	0.938427354	0.935054155	0.907899572	0.867152725	0.818874456	0.902081293	0.937254389	0.762478213	0.881353922	0.936904078	0.895372428	0.792443007	0.89626652	0.856416506	0.839662817	0.906711697	0.888208685	0.906442626	0.819408019	0.918802434	0.918451451	0.824100603	0.951867682	0.815340228	0.922979166	0.910604676	0.848234268	0.913806048	0.818929203	0.893845552	0.853733385	0.845122061	0.955590871	0.775432854	0.864658558	0.893899195	0.965726557	0.843509209	0.938339461	0.932831937	0.959938981	0.828189179	0.794663114	0.820627475	0.83712178	0.921437354	0.839613419	0.894207546	0.812102448	0.852927318	0.822904472	0.925264697	0.886037166	0.868372615	0.944275271	0.808198917	0.88964435	0.930409252	0.944513023	0.89954169	0.978840847	0.971783046	0.923184941	0.969862414	0.896217821	0.873085614	0.935358027	0.88948083	0.96223651	0.961428198	0.89071005	0.961827007	0.961925461
13414.34.midgut	0.962261282	0.96357004	0.915084047	0.889320543	0.965680849	0.891821009	0.903447957	0.892282666	0	0.927604692	0.881272275	0.991920211	0.790934003	0.928024597	0.989663378	0.969579388	0.918795869	0.910376577	0.938736782	0.959748835	0.949641771	0.941189469	0.823818838	0.896195361	0.927718569	0.959917517	0.896328623	0.917540941	0.954748408	0.93366579	0.873872277	0.848280953	0.888563487	0.914205079	0.946732547	0.924230037	0.947720224	0.888960211	0.952608978	0.945928426	0.912506576	0.964057394	0.906442157	0.958290175	0.94541044	0.865098161	0.942606195	0.890442695	0.938194951	0.875449255	0.898393743	0.97214662	0.883272403	0.912192993	0.938671235	0.972676289	0.898045947	0.949985479	0.958619881	0.971602823	0.899956995	0.885637802	0.910423477	0.88502122	0.950498869	0.871244112	0.944556765	0.903712911	0.887806478	0.908904109	0.958969365	0.930902016	0.913600515	0.962169342	0.895808071	0.915254932	0.949133039	0.95935725	0.928012617	0.981858288	0.978853821	0.949197648	0.977476883	0.928430202	0.915836061	0.963461803	0.931709428	0.96875782	0.971756234	0.93026592	0.971769201	0.96995968
13414.31.midgut	0.843388211	0.789877338	0.76289351	0.830885079	0.765756733	0.814675184	0.791940392	0.878351301	0.927604692	0	0.873277405	0.980672116	0.893406336	0.800441774	0.96250481	0.780490028	0.838800421	0.802977517	0.77655478	0.862646968	0.843934433	0.800319206	0.873092645	0.817969313	0.821356003	0.78074851	0.827777711	0.831328887	0.820340058	0.785931964	0.827990862	0.882203739	0.841777545	0.814262365	0.732793879	0.773185311	0.759719663	0.862173312	0.741008593	0.798686779	0.903997511	0.82751449	0.887112876	0.8041423	0.798820521	0.827050727	0.768933855	0.865038475	0.80561238	0.828049172	0.800566145	0.862954858	0.880879062	0.766459493	0.777420033	0.915452029	0.835540147	0.816103964	0.794980991	0.881796157	0.849360743	0.867846529	0.899266808	0.853061414	0.800280744	0.841466116	0.709212592	0.839307995	0.812921978	0.859285972	0.772551471	0.759055243	0.816097324	0.863818468	0.881909778	0.755837329	0.785953715	0.864485659	0.765146936	0.940019384	0.910303071	0.844754646	0.92581691	0.782870734	0.889537668	0.823101715	0.779018405	0.887147349	0.874936665	0.886227161	0.875379607	0.866881664
13414.41.midgut	0.916991976	0.927268254	0.876180267	0.873596125	0.933112762	0.865313045	0.869513214	0.895564599	0.881272275	0.873277405	0	0.982839994	0.840039469	0.869435152	0.976072148	0.946069705	0.886693269	0.879077933	0.890538765	0.916004475	0.896640086	0.89709582	0.838278946	0.876234288	0.883868206	0.909358912	0.875639898	0.882591138	0.91000748	0.899447998	0.841965606	0.846593741	0.817578869	0.86952671	0.911266437	0.871419324	0.913588811	0.885553301	0.894637697	0.891518675	0.921442373	0.930100045	0.904078398	0.933226379	0.894746038	0.840613686	0.883536872	0.887282267	0.88866048	0.841919604	0.884062869	0.92678707	0.881753147	0.877829135	0.891479532	0.939288697	0.869524033	0.902764462	0.903876584	0.946840446	0.889538879	0.884047907	0.918212956	0.869982343	0.905951884	0.857085642	0.890583658	0.897081294	0.847432837	0.895886452	0.907379523	0.877791758	0.870546526	0.923290091	0.896986424	0.849431156	0.901767256	0.928303171	0.867804812	0.955178677	0.95050013	0.905673821	0.950349517	0.893534196	0.918778285	0.936117746	0.87891458	0.931738668	0.929275555	0.914355063	0.934946407	0.931647042
13414.100.midg	0.930601025	0.955540247	0.982939807	0.991487109	0.970126883	0.989138622	0.977079681	0.992965963	0.991920211	0.980672116	0.982839994	0	0.987703062	0.966413748	0.881792797	0.979728989	0.974523148	0.9884869	0.972622792	0.922052522	0.951925392	0.971427878	0.988695054	0.991335155	0.959469361	0.935966587	0.988877482	0.970186144	0.95780648	0.974860895	0.988542445	0.981712917	0.985251463	0.986326725	0.966142663	0.971416209	0.962913115	0.992149741	0.951341796	0.962813506	0.993821883	0.959933461	0.991634613	0.975281922	0.950930491	0.984287357	0.967285348	0.990596908	0.955041906	0.985142118	0.989052694	0.907567566	0.991585309	0.980313168	0.968317419	0.886984475	0.978628873	0.953273786	0.960339761	0.946457632	0.98855659	0.990718265	0.993320013	0.990626691	0.955497761	0.990879566	0.963883629	0.99023625	0.977043081	0.989069885	0.961373823	0.971822105	0.976385874	0.951298895	0.989575923	0.961620242	0.950144676	0.954444424	0.974137917	0.782861314	0.925652837	0.932358727	0.815553309	0.969469161	0.989217258	0.946043191	0.975483379	0.868496785	0.908912582	0.986824907	0.935795408	0.93107728
13414.25.midgut	0.938466668	0.930818525	0.885422522	0.88571885	0.936259369	0.870318868	0.890719996	0.890407649	0.790934003	0.893406336	0.840039469	0.987703062	0	0.9045012	0.984712197	0.940765789	0.894214108	0.883166496	0.917224284	0.941715132	0.92465785	0.912917863	0.822777223	0.879590997	0.904826128	0.924060561	0.884960989	0.902569884	0.914269752	0.909412628	0.857583907	0.847471963	0.840516141	0.897131187	0.911549364	0.893304342	0.92486271	0.895207204	0.917728695	0.915788316	0.925227257	0.932043463	0.91010366	0.933990168	0.924302637	0.841485518	0.911858871	0.897368122	0.910724146	0.837125178	0.893944962	0.952780834	0.875100289	0.896345295	0.912175316	0.963275273	0.891634668	0.933218236	0.926407273	0.956410595	0.884279622	0.888857489	0.919297524	0.878116876	0.920914626	0.855550125	0.906742302	0.898143787	0.856295808	0.901905359	0.921491901	0.895061152	0.901284904	0.93466164	0.895366453	0.879704068	0.931162793	0.944982458	0.900875316	0.970302248	0.96375025	0.934583031	0.962965507	0.9064875	0.925060106	0.931299324	0.907210974	0.953105929	0.952702497	0.927055894	0.954547181	0.950262017
13414.17.midgut	0.854661372	0.867601259	0.844429785	0.853634592	0.857337467	0.826653092	0.820495083	0.904522826	0.928024597	0.800441774	0.869435152	0.966413748	0.9045012	0	0.955465358	0.888545414	0.828721111	0.868936376	0.810503004	0.847056513	0.809254631	0.812342175	0.886251424	0.856402629	0.792646588	0.786148415	0.866308203	0.822023248	0.828118936	0.835712815	0.822703219	0.887654549	0.800083471	0.833245941	0.829792634	0.793153379	0.827368393	0.892975768	0.824624324	0.80971889	0.905087097	0.852177456	0.890800156	0.871048628	0.801348205	0.845750174	0.744098284	0.87281247	0.791080907	0.805797261	0.847536336	0.878904538	0.88267438	0.808782	0.789908169	0.880544827	0.828281733	0.838500052	0.823706995	0.883851506	0.860717993	0.888093006	0.90600271	0.870330734	0.826322616	0.859283811	0.785119983	0.874299391	0.800380401	0.869517069	0.841421557	0.814667751	0.82048034	0.834704728	0.892011872	0.763868609	0.835240113	0.855464701	0.770173316	0.920428264	0.882072127	0.841562386	0.907429958	0.860514574	0.903972435	0.851923366	0.814884608	0.875063542	0.858507347	0.897844437	0.8785579	0.846727522
13414.102.midg	0.924658917	0.951158067	0.957740963	0.981363592	0.934917699	0.97708991	0.969207503	0.987192664	0.989663378	0.96250481	0.976072148	0.881792797	0.984712197	0.955465358	0	0.96239878	0.974218998	0.982122505	0.951098232	0.879640012	0.931234607	0.944221074	0.98226759	0.981703045	0.954946889	0.917475023	0.98250981	0.954622466	0.931904413	0.960469376	0.976954614	0.976223498	0.96291665	0.974341518	0.953574759	0.954951352	0.955884459	0.986957495	0.93516369	0.935192584	0.990315904	0.922064824	0.984918951	0.955832611	0.947702266	0.978473059	0.941031292	0.98585926	0.921932481	0.967664574	0.980865363	0.897077914	0.985611923	0.970707341	0.959389459	0.90356212	0.972890125	0.91445594	0.927305904	0.903978854	0.976313037	0.986173315	0.98781259	0.982726216	0.938112993	0.981186917	0.948531897	0.981444887	0.966045477	0.980663321	0.923396285	0.959179344	0.971412801	0.92054831	0.985751916	0.950255314	0.931240007	0.926637722	0.955888558	0.830113714	0.826208278	0.933915324	0.9264289	0.959310637	0.978677497	0.930410667	0.951666279	0.843001005	0.86000483	0.974696564	0.866205753	0.919737676
13414.3.midgut	0.845628525	0.658963917	0.825028212	0.915794675	0.695861336	0.900482625	0.899364758	0.925853673	0.969579388	0.780490028	0.946069705	0.979728989	0.940765789	0.888545414	0.96239878	0	0.913765707	0.806335712	0.836164934	0.883134845	0.887367587	0.829673922	0.93531337	0.76703988	0.885435218	0.809409706	0.886749674	0.90465728	0.828279806	0.820163302	0.91066924	0.947504305	0.906918268	0.877403185	0.769731867	0.817412381	0.716067252	0.924407754	0.781565327	0.818930297	0.948143421	0.830080707	0.939709747	0.682120849	0.854795998	0.922531701	0.844683743	0.928643765	0.878176613	0.901540874	0.893634698	0.850694642	0.942317979	0.875343022	0.808130847	0.893617378	0.912061875	0.875138506	0.843237731	0.881720665	0.896142114	0.928881586	0.946849036	0.916642686	0.833285493	0.923215295	0.707886681	0.88580989	0.895286074	0.920381387	0.770371875	0.793885646	0.880135353	0.892079372	0.932797949	0.858737537	0.824541459	0.880468808	0.840824358	0.939199821	0.914312708	0.887293567	0.941190235	0.774382179	0.931299431	0.74923439	0.857801462	0.90794555	0.888689379	0.91047387	0.896954718	0.896156695
13414.46.midgut	0.894203476	0.896891175	0.865886366	0.798104613	0.877253389	0.772212108	0.791540185	0.83797242	0.918795869	0.838800421	0.886693269	0.974523148	0.894214108	0.828721111	0.974218998	0.913765707	0	0.854691875	0.8311069	0.883696529	0.875563457	0.842818166	0.880899156	0.850646473	0.827118444	0.87039538	0.795217162	0.797604863	0.871444777	0.855238061	0.79934781	0.879187154	0.822499613	0.794269474	0.845165324	0.816559376	0.867658251	0.829862189	0.8710695	0.879231251	0.869218925	0.906446311	0.850844248	0.89169565	0.841698855	0.835127464	0.85230299	0.840565603	0.803955475	0.827293205	0.849465168	0.924434665	0.829122048	0.821104591	0.829760748	0.924593	0.803134198	0.870194262	0.889729749	0.910711155	0.821477342	0.843035986	0.869702569	0.831681769	0.87799988	0.838263687	0.859606574	0.829409548	0.805708612	0.834989013	0.87893517	0.811007459	0.80058678	0.874001576	0.844993566	0.842579741	0.89013211	0.888165064	0.833751948	0.95057448	0.936150617	0.84266353	0.926663437	0.880366534	0.872611567	0.890151498	0.818569906	0.931815848	0.91834045	0.884508787	0.92118926	0.915648863
13414.36.midgut	0.897494241	0.820322537	0.814283311	0.826532647	0.834750777	0.817672943	0.842273833	0.858417112	0.910376577	0.802977517	0.879077933	0.9884869	0.883166496	0.868936376	0.982122505	0.806335712	0.854691875	0	0.860411719	0.914119872	0.900642465	0.862770036	0.851190057	0.766838328	0.841086863	0.877977167	0.808477115	0.856819869	0.879441017	0.846940398	0.828014719	0.871186116	0.845517352	0.831515801	0.79548715	0.827572336	0.827944352	0.843536415	0.862790693	0.86439898	0.90133776	0.897981295	0.890368576	0.823260508	0.874046816	0.828996077	0.859964648	0.861404641	0.875874691	0.836493625	0.829322439	0.929498452	0.853841036	0.821535708	0.821145704	0.943473046	0.865568308	0.907525812	0.889346512	0.933871528	0.85052937	0.867169516	0.901814813	0.859924949	0.876722912	0.83645436	0.801271181	0.848859862	0.823236664	0.877228147	0.858389467	0.819322175	0.851983529	0.914870094	0.877338907	0.843347903	0.885576136	0.914249355	0.852955578	0.965898126	0.9541002	0.900660431	0.959924899	0.835816078	0.897035278	0.854570289	0.841612273	0.946266492	0.935634099	0.908707179	0.93874519	0.935247338
13414.28.midgut	0.813846786	0.811214524	0.820244771	0.859171444	0.796884273	0.846559116	0.814098377	0.905078081	0.938736782	0.77655478	0.890538765	0.972622792	0.917224284	0.810503004	0.951098232	0.836164934	0.8311069	0.860411719	0	0.826238852	0.814366318	0.762138608	0.898975779	0.869821088	0.824523287	0.791715883	0.860437554	0.829011501	0.76205969	0.795191543	0.849548222	0.909108663	0.830253649	0.835308298	0.782918544	0.787434248	0.768443975	0.874117931	0.776177168	0.787865161	0.912795469	0.829330181	0.901254062	0.794425378	0.781362732	0.862207207	0.787211973	0.886127055	0.791015567	0.831463675	0.848525487	0.845435113	0.900592671	0.812264388	0.784099342	0.86706469	0.843747245	0.779178633	0.787208497	0.882651631	0.870530871	0.892495923	0.908641471	0.862057041	0.792188868	0.8678535	0.784409712	0.865096074	0.80916119	0.874176764	0.783512056	0.771319857	0.814621873	0.801132278	0.889476629	0.783740518	0.769784064	0.807020541	0.756271896	0.921438355	0.852509755	0.817272414	0.900937581	0.808540708	0.896047397	0.794635349	0.78294811	0.854996629	0.835025464	0.893218938	0.848926718	0.837717678
13414.103.midg	0.802505269	0.838308685	0.885756214	0.919480824	0.835781985	0.902465858	0.876796261	0.938427354	0.959748835	0.862646968	0.916004475	0.922052522	0.941715132	0.847056513	0.879640012	0.883134845	0.883696529	0.914119872	0.826238852	0	0.819497366	0.821466145	0.93467424	0.919906598	0.866149078	0.79384869	0.921793007	0.863747601	0.822742365	0.811871424	0.904994173	0.916003548	0.888523661	0.895375293	0.82531146	0.823504238	0.855731294	0.9300399	0.818529857	0.810708871	0.951063872	0.845926262	0.931565569	0.853080635	0.835170321	0.916853014	0.827483275	0.930703528	0.830353417	0.889281497	0.911519886	0.78989295	0.941192242	0.881900963	0.857840681	0.803967007	0.886870307	0.77463006	0.765901394	0.846657916	0.899714724	0.932695363	0.941039813	0.912059258	0.77654676	0.931912654	0.8386135	0.912826903	0.872227995	0.916960205	0.80034891	0.853361192	0.867450453	0.811715818	0.926453069	0.797151495	0.805502141	0.748780846	0.827006833	0.852531659	0.771399626	0.709957167	0.757239848	0.800046109	0.8840204	0.758359391	0.82456551	0.740989657	0.696856716	0.880577165	0.76838053	0.797089177
13414.27.midgut	0.841635411	0.865563037	0.872850691	0.898839069	0.847708636	0.887886239	0.872376748	0.935054155	0.949641771	0.843934433	0.896640086	0.951925392	0.92465785	0.809254631	0.931234607	0.887367587	0.875563457	0.900642465	0.814366318	0.819497366	0	0.810822409	0.913645818	0.899729773	0.826435678	0.814113476	0.903630053	0.85938331	0.822786846	0.845751363	0.884693742	0.907153494	0.827417152	0.866456296	0.830559887	0.77392881	0.844024722	0.923066408	0.819693394	0.794614972	0.939143006	0.840129146	0.92312759	0.859743928	0.811202738	0.886913333	0.7882251	0.912086963	0.820460424	0.858570453	0.894501001	0.83316543	0.929477563	0.866477043	0.820804968	0.856151763	0.8634755	0.83009807	0.826333483	0.865368866	0.890875006	0.926048277	0.939025839	0.903046165	0.816717221	0.903485808	0.793797927	0.913342234	0.835957404	0.907178251	0.804628028	0.835052878	0.853912684	0.844462103	0.922507682	0.789361383	0.842548849	0.859479245	0.820427489	0.904660264	0.885640668	0.817503299	0.900046358	0.854469216	0.91270979	0.838981972	0.830732419	0.850738594	0.818454465	0.910951831	0.851514344	0.846672653
13414.39.midgut	0.807007591	0.791092774	0.843890475	0.873862409	0.786747137	0.856422438	0.843152417	0.907899572	0.941189469	0.800319206	0.89709582	0.971427878	0.912917863	0.812342175	0.944221074	0.829673922	0.842818166	0.862770036	0.762138608	0.821466145	0.810822409	0	0.903880811	0.86879744	0.821311627	0.78758043	0.878866606	0.838553017	0.786392997	0.783141642	0.870591359	0.900519976	0.842254143	0.849167166	0.783836187	0.768660434	0.784534899	0.888565083	0.818604301	0.786429673	0.929858655	0.829677919	0.909518471	0.777650942	0.779710832	0.87006027	0.777743876	0.895408295	0.812005414	0.839658498	0.864237558	0.822334119	0.910933148	0.834778433	0.781145661	0.857144916	0.85088741	0.780924333	0.802256776	0.857756735	0.862903089	0.89980382	0.923022007	0.869035428	0.799365206	0.88048219	0.768490207	0.877585029	0.838674537	0.885652795	0.785463458	0.764016322	0.830618784	0.795908615	0.898824445	0.788259123	0.776984492	0.807448303	0.788812755	0.918223643	0.882215557	0.811662748	0.899376356	0.813206534	0.892976252	0.794559822	0.795118769	0.850418971	0.809201701	0.896590674	0.84653646	0.827219134
13414.16.midgut	0.928843802	0.925828349	0.868709906	0.848854504	0.921582713	0.837166583	0.87074243	0.867152725	0.823818838	0.873092645	0.838278946	0.988695054	0.822777223	0.886251424	0.98226759	0.93531337	0.880899156	0.851190057	0.898975779	0.93467424	0.913645818	0.903880811	0	0.845406403	0.886228049	0.918023693	0.851020296	0.878416775	0.924779497	0.878664851	0.827522575	0.837715857	0.834128172	0.866252983	0.900179227	0.871893101	0.898012006	0.857783564	0.89698186	0.89558292	0.90311436	0.929618031	0.886784009	0.930233211	0.909604101	0.812383223	0.901726493	0.863505999	0.903495665	0.831811785	0.856391913	0.945088785	0.847141539	0.861052912	0.887733727	0.951198154	0.861925053	0.910114967	0.917737601	0.945328184	0.85885169	0.863462596	0.901502887	0.854017582	0.90420471	0.829388746	0.892044144	0.871903306	0.832975421	0.877915593	0.911286034	0.889414436	0.868236197	0.938119964	0.8813342	0.86650261	0.898872493	0.925707074	0.878695374	0.972632028	0.960924536	0.922820827	0.964304117	0.88703884	0.898847973	0.923849045	0.883212117	0.94978967	0.950684163	0.917352683	0.947527537	0.950866409
13414.11.midgut	0.909035203	0.822643931	0.827458481	0.799792398	0.829107116	0.781300725	0.84551923	0.818874456	0.896195361	0.817969313	0.876234288	0.991335155	0.879590997	0.856402629	0.981703045	0.76703988	0.850646473	0.766838328	0.869821088	0.919906598	0.899729773	0.86879744	0.845406403	0	0.861278961	0.897087782	0.783759053	0.865854108	0.893712376	0.854006499	0.730300746	0.879462978	0.814919273	0.815538014	0.836361541	0.836396533	0.837706875	0.849289159	0.865077696	0.858212432	0.88327883	0.91230495	0.878434676	0.821274211	0.8752256	0.82013479	0.877970093	0.840087804	0.878878287	0.78697974	0.825916395	0.933437186	0.798956234	0.821735092	0.833768612	0.946614709	0.842144383	0.913281108	0.890571951	0.931601973	0.825757834	0.843511975	0.886340371	0.858494566	0.87608822	0.821901956	0.810176205	0.838255092	0.774039021	0.860534385	0.8642689	0.820618019	0.845729373	0.921708267	0.867747439	0.845217276	0.890822596	0.918856798	0.853633012	0.971866202	0.954617112	0.904774767	0.963965119	0.832690826	0.891072319	0.865652926	0.842504927	0.945921386	0.938638048	0.8971871	0.943184453	0.944724717
13414.40.midgut	0.834861024	0.863653888	0.841039286	0.858308841	0.837289228	0.818115749	0.813857548	0.902081293	0.927718569	0.821356003	0.883868206	0.959469361	0.904826128	0.792646588	0.954946889	0.885435218	0.827118444	0.841086863	0.824523287	0.866149078	0.826435678	0.821311627	0.886228049	0.861278961	0	0.814598223	0.870466228	0.799960357	0.825870772	0.830590148	0.826162017	0.876378927	0.835975045	0.833730388	0.817976883	0.796656256	0.821724765	0.883770575	0.824041652	0.819092567	0.917827522	0.853971593	0.907299334	0.888597183	0.791871384	0.821996906	0.770279858	0.881136128	0.794768439	0.825114021	0.854770585	0.874494316	0.89223877	0.800422502	0.820374798	0.858011175	0.844321578	0.823192548	0.825856259	0.865588252	0.874304928	0.898728591	0.919452044	0.891102148	0.81458967	0.860464009	0.784577866	0.883980236	0.801953381	0.885277526	0.826794972	0.813720707	0.822058052	0.852544112	0.903697759	0.786740163	0.835020124	0.869840838	0.789023986	0.895628126	0.891155347	0.85138918	0.914458507	0.866606003	0.908447516	0.862144721	0.788019472	0.873604358	0.881279663	0.906298058	0.868970396	0.875595481
13414.18.midgut	0.755609474	0.780420179	0.836307055	0.899389309	0.769155886	0.884394983	0.865117592	0.937254389	0.959917517	0.78074851	0.909358912	0.935966587	0.924060561	0.786148415	0.917475023	0.809409706	0.87039538	0.877977167	0.791715883	0.79384869	0.814113476	0.78758043	0.918023693	0.897087782	0.814598223	0	0.902933514	0.829587903	0.753437362	0.827255812	0.887758334	0.926328962	0.877079386	0.874231917	0.7731601	0.80155406	0.752756812	0.922906419	0.743916042	0.754130635	0.943934627	0.751848893	0.926148411	0.827582489	0.7825772	0.891649587	0.7126892	0.915197705	0.772108652	0.869500823	0.883966026	0.760202817	0.930843243	0.83258711	0.803272011	0.82741192	0.884664401	0.787577308	0.763607267	0.780064059	0.89982188	0.928236559	0.938674121	0.906324518	0.761885727	0.902163748	0.741673491	0.900486046	0.85355169	0.919982956	0.747498683	0.77691032	0.847971608	0.791513179	0.930173289	0.782204304	0.762633265	0.834766222	0.765805654	0.891863439	0.835623421	0.810334842	0.866194864	0.834441968	0.930309842	0.784033766	0.785244683	0.836712302	0.799016774	0.918919581	0.809541367	0.791912546
13414.44.midgut	0.914837623	0.885979925	0.846692619	0.742184454	0.879697227	0.741612027	0.813552251	0.762478213	0.896328623	0.827777711	0.875639898	0.988877482	0.884960989	0.866308203	0.98250981	0.886749674	0.795217162	0.808477115	0.860437554	0.921793007	0.903630053	0.878866606	0.851020296	0.783759053	0.870466228	0.902933514	0	0.851822175	0.91189375	0.863031926	0.771850043	0.868830262	0.831067348	0.786970094	0.859896594	0.836428367	0.866945266	0.790661905	0.873731115	0.877865691	0.832243257	0.921410337	0.827180881	0.878526857	0.876428709	0.813581765	0.876437762	0.802447454	0.860683354	0.82210582	0.801084927	0.936100688	0.768229228	0.809925865	0.831265128	0.949532845	0.821179801	0.905087423	0.901177937	0.940724814	0.806764952	0.803353592	0.832680965	0.812014403	0.887316689	0.806573806	0.848802034	0.797397853	0.805127369	0.824358803	0.891954435	0.837864953	0.826615766	0.926349441	0.817126292	0.850058922	0.894665079	0.920215048	0.852964016	0.970369197	0.960653159	0.898098178	0.959498904	0.858801086	0.873623383	0.897157749	0.828191565	0.950474541	0.943163236	0.884183515	0.945307446	0.944924475
13414.49.midgut	0.882720129	0.88703304	0.824563737	0.830260292	0.864690623	0.802512853	0.81156711	0.881353922	0.917540941	0.831328887	0.882591138	0.970186144	0.902569884	0.822023248	0.954622466	0.90465728	0.797604863	0.856819869	0.829011501	0.863747601	0.85938331	0.838553017	0.878416775	0.865854108	0.799960357	0.829587903	0.851822175	0	0.861157347	0.839976823	0.81977335	0.866665952	0.813523163	0.831253642	0.807683359	0.808381678	0.831361631	0.859782047	0.847215054	0.850373854	0.892483135	0.878781223	0.874077291	0.888725106	0.81401678	0.84171801	0.802903818	0.867451598	0.736997141	0.826536958	0.836781204	0.89925671	0.871418016	0.790813824	0.819421874	0.908088804	0.827782525	0.83242078	0.861186415	0.901628468	0.837253705	0.880111901	0.893918843	0.868566545	0.855350511	0.842499557	0.833396208	0.863064155	0.800066024	0.856066336	0.864730166	0.819189374	0.813438327	0.863884874	0.885733041	0.79148554	0.85463196	0.86498763	0.813153406	0.943322541	0.90596033	0.853302922	0.920316936	0.866356643	0.894041535	0.86836265	0.788427141	0.900185572	0.903488119	0.896911705	0.8985179	0.905670027
13414.24.midgut	0.753596987	0.801089113	0.848109082	0.900864503	0.778513187	0.886419524	0.866209582	0.936904078	0.954748408	0.820340058	0.91000748	0.95780648	0.914269752	0.828118936	0.931904413	0.828279806	0.871444777	0.879441017	0.76205969	0.822742365	0.822786846	0.786392997	0.924779497	0.893712376	0.825870772	0.753437362	0.91189375	0.861157347	0	0.818607616	0.89299695	0.921371875	0.863089032	0.872980581	0.78317135	0.790316909	0.807793673	0.920751077	0.77015897	0.773776462	0.948937912	0.769935897	0.931865351	0.804157007	0.792256936	0.890349756	0.788679807	0.921076286	0.804500928	0.862269409	0.893463437	0.805317094	0.931021143	0.850957371	0.818616665	0.816280582	0.89021499	0.786220043	0.752513279	0.841465124	0.891834434	0.930497086	0.944494456	0.907882228	0.781075453	0.903848332	0.776250336	0.913311849	0.839738451	0.9106829	0.747334657	0.783943207	0.85307514	0.768777708	0.924003722	0.777446726	0.778092859	0.830408613	0.787532158	0.883451865	0.829729581	0.821894085	0.886542011	0.849407177	0.921149899	0.790456193	0.808560188	0.829907114	0.799111772	0.916526287	0.828388591	0.779108689
13414.32.midgut	0.79905293	0.793770679	0.837093926	0.867302495	0.772296443	0.833201345	0.823227845	0.895372428	0.93366579	0.785931964	0.899447998	0.974860895	0.909412628	0.835712815	0.960469376	0.820163302	0.855238061	0.846940398	0.795191543	0.811871424	0.845751363	0.783141642	0.878664851	0.854006499	0.830590148	0.827255812	0.863031926	0.839976823	0.818607616	0	0.84647985	0.892944375	0.848707375	0.82493654	0.77945429	0.781133332	0.775330142	0.883437816	0.786022522	0.779383498	0.922393168	0.81221691	0.895421939	0.813749436	0.800235808	0.880292834	0.790887644	0.889288302	0.814027235	0.843720384	0.854835592	0.850292934	0.90556374	0.841201803	0.798610104	0.875963755	0.848232588	0.798800135	0.78186309	0.88641161	0.849192333	0.887812231	0.90608884	0.858467323	0.793434049	0.885328132	0.756138442	0.846823354	0.845556223	0.858256911	0.781354371	0.779224291	0.825246362	0.868057876	0.882636745	0.793697457	0.739620806	0.778278486	0.793924005	0.914914174	0.86323212	0.78711069	0.88593021	0.766724167	0.844612049	0.778385759	0.79219335	0.874535069	0.843584345	0.866869252	0.861117468	0.852870128
13414.13.midgut	0.908152219	0.90826299	0.835634129	0.759163696	0.887849885	0.743328453	0.796960715	0.792443007	0.873872277	0.827990862	0.841965606	0.988542445	0.857583907	0.822703219	0.976954614	0.91066924	0.79934781	0.828014719	0.849548222	0.904994173	0.884693742	0.870591359	0.827522575	0.730300746	0.826162017	0.887758334	0.771850043	0.81977335	0.89299695	0.84647985	0	0.845675237	0.75973074	0.804488151	0.86783355	0.825908067	0.864255032	0.8345845	0.858840193	0.849621633	0.862965732	0.899304384	0.841146516	0.903107906	0.861022075	0.784709924	0.852904152	0.806328717	0.845358273	0.760588173	0.81163721	0.935982466	0.767695892	0.799029271	0.836791164	0.93746817	0.800907276	0.88665155	0.884258184	0.892942278	0.813862326	0.817287144	0.859996019	0.82259324	0.863450817	0.781997488	0.847067257	0.81866474	0.742434835	0.833812893	0.88216762	0.837735131	0.807235994	0.903504997	0.829478482	0.820380862	0.877552043	0.899802138	0.832187886	0.967858722	0.945024809	0.876310754	0.957494963	0.864747723	0.853568305	0.902109554	0.816227295	0.93873126	0.930343297	0.877327388	0.930050834	0.9306541
13414.33.midgut	0.925777979	0.928723678	0.882505307	0.873354775	0.932030839	0.858277875	0.864247507	0.89626652	0.848280953	0.882203739	0.846593741	0.981712917	0.847471963	0.887654549	0.976223498	0.947504305	0.879187154	0.871186116	0.909108663	0.916003548	0.907153494	0.900519976	0.837715857	0.879462978	0.876378927	0.926328962	0.868830262	0.866665952	0.921371875	0.892944375	0.845675237	0	0.835119362	0.876700123	0.890459807	0.88026813	0.920180297	0.880756536	0.902838101	0.905106367	0.912953801	0.933185409	0.9016329	0.930950901	0.901563759	0.852600334	0.893230497	0.886325076	0.883638789	0.834560273	0.883080342	0.939687547	0.88946714	0.873442955	0.904135244	0.946011334	0.863933702	0.917612274	0.92097955	0.945636472	0.864953396	0.884027198	0.911136078	0.873112094	0.915755455	0.859898831	0.892644085	0.888735069	0.839487619	0.887640884	0.913872597	0.899948087	0.878025057	0.935535279	0.884178979	0.861339148	0.927007041	0.933767862	0.892394548	0.963795839	0.962976796	0.906271368	0.955113539	0.896225504	0.90560954	0.926801116	0.890122421	0.9406266	0.948761081	0.910811995	0.938940377	0.942245007
13414.42.midgut	0.906922621	0.90618027	0.841111814	0.817609541	0.884702534	0.798352718	0.825919539	0.856416506	0.888563487	0.841777545	0.817578869	0.985251463	0.840516141	0.800083471	0.96291665	0.906918268	0.822499613	0.845517352	0.830253649	0.888523661	0.827417152	0.842254143	0.834128172	0.814919273	0.835975045	0.877079386	0.831067348	0.813523163	0.863089032	0.848707375	0.75973074	0.835119362	0	0.806866133	0.863298755	0.798138932	0.861343656	0.859584603	0.862776612	0.843067241	0.896258461	0.894875533	0.871832272	0.894559383	0.85220643	0.792733508	0.828638648	0.8472683	0.811840305	0.782492069	0.834620538	0.916880337	0.83739479	0.813386769	0.829037723	0.931271762	0.813782838	0.876837026	0.875758432	0.923883623	0.837576791	0.852722557	0.889404192	0.831135393	0.870850396	0.810185792	0.81374189	0.864519015	0.759051552	0.851122426	0.865192669	0.832586759	0.822751728	0.876855373	0.868412195	0.791190374	0.864281889	0.876243682	0.812507693	0.958452972	0.925020892	0.875042129	0.948254921	0.868914266	0.878652638	0.882276714	0.828259973	0.922409935	0.915591126	0.894343237	0.910003144	0.914903394
13414.47.midgut	0.869522256	0.868467054	0.834513265	0.782580135	0.846541785	0.774174911	0.799746916	0.839662817	0.914205079	0.814262365	0.86952671	0.986326725	0.897131187	0.833245941	0.974341518	0.877403185	0.794269474	0.831515801	0.835308298	0.895375293	0.866456296	0.849167166	0.866252983	0.815538014	0.833730388	0.874231917	0.786970094	0.831253642	0.872980581	0.82493654	0.804488151	0.876700123	0.806866133	0	0.827882704	0.795826808	0.835099503	0.821105394	0.841647765	0.830115831	0.869943739	0.890087083	0.858707229	0.862692127	0.817010514	0.826966688	0.83774402	0.836274197	0.832145182	0.819422648	0.812597426	0.904309144	0.829424115	0.792014551	0.77812979	0.918676691	0.825865607	0.855643369	0.866379745	0.920261432	0.821767639	0.839545746	0.872828153	0.835985721	0.860489886	0.835644009	0.813373953	0.818152254	0.808755111	0.833551352	0.851603707	0.796370112	0.799548194	0.887631911	0.855404723	0.811104732	0.857405224	0.876550069	0.818169184	0.959077729	0.937479479	0.86697527	0.949378798	0.853010605	0.884842021	0.863683128	0.802759935	0.923857753	0.915771229	0.888962058	0.921900606	0.916211505
13414.30.midgut	0.807559174	0.738364996	0.782080905	0.868544315	0.719733159	0.856156522	0.827678511	0.906711697	0.946732547	0.732793879	0.911266437	0.966142663	0.911549364	0.829792634	0.953574759	0.769731867	0.845165324	0.79548715	0.782918544	0.82531146	0.830559887	0.783836187	0.900179227	0.836361541	0.817976883	0.7731601	0.859896594	0.807683359	0.78317135	0.77945429	0.86783355	0.890459807	0.863298755	0.827882704	0	0.780182954	0.733329313	0.886433705	0.74522679	0.776616675	0.92995708	0.818810733	0.91204972	0.760227425	0.785741543	0.862885999	0.770344708	0.900536467	0.803244157	0.841129125	0.854345249	0.846810075	0.901565912	0.806173811	0.766191475	0.886243214	0.858773727	0.817563609	0.806979277	0.848699561	0.850197641	0.902402263	0.923097797	0.874913008	0.784667511	0.872987209	0.736492935	0.86920661	0.820476817	0.890375559	0.749790694	0.763495032	0.833861538	0.843568544	0.906209317	0.774295073	0.827196419	0.843436702	0.787633269	0.927393894	0.891185722	0.82041019	0.91152874	0.791645831	0.904958197	0.753641201	0.794931942	0.878593826	0.855258038	0.898492769	0.867230818	0.868820707
