	13414.38.hg	13414.10.hg	13414.25.hg	13414.31.hg	13414.3.hg	13414.100.hg	13414.2.hg	13414.33.hg	13414.17.hg	13414.16.hg	13414.27.hg	13414.46.hg	13414.22.hg	13414.102.hg	13414.14.hg	13414.49.hg	13414.103.hg	13414.40.hg	13414.15.hg	13414.39.hg	13414.11.hg	13414.32.hg	13414.34.hg	13414.47.hg	13414.37.hg	13414.42.hg	13414.30.hg	13414.29.hg	13414.12.hg	13414.13.hg	13414.26.hg	13414.28.hg	13414.4.hg	13414.19.hg	13414.67.hg	13414.61.hg	13414.66.hg	13414.6.hg	13414.51.hg	13414.7.hg	13414.86.hg	13414.43.hg	13414.36.hg	13414.68.hg	13414.62.hg	13414.55.hg	13414.60.hg	13414.84.hg	13414.69.hg	13414.54.hg	13414.65.hg	13414.59.hg	13414.5.hg	13414.79.hg	13414.53.hg	13414.85.hg	13414.71.hg	13414.63.hg	13414.9.hg	13414.82.hg	13414.81.hg	13414.52.hg	13414.77.hg	13414.99.hg	13414.88.hg	13414.90.hg	13414.83.hg	13414.95.hg	13414.91.hg	13414.92.hg	13414.93.hg	13414.74.hg	13414.96.hg	13414.75.hg	13414.101.hg	13414.20.hg	13414.45.hg	13414.72.hg	13414.58.hg	13414.80.hg	13414.50.hg
13414.38.hg	0	0.535130136	0.760686303	0.639751608	0.605439139	0.846920019	0.676109308	0.633804869	0.582270577	0.678310168	0.435229183	0.54069796	0.502260207	0.646630075	0.605574861	0.736034386	0.624480768	0.433529493	0.701506389	0.618002354	0.511718646	0.744124455	0.636753419	0.810253456	0.625769383	0.686175269	0.51564236	0.668802181	0.561011897	0.50707864	0.59714358	0.571451022	0.672079813	0.875991742	0.77972212	0.563807033	0.535971799	0.524779825	0.535614387	0.702723251	0.66987556	0.765969403	0.61764061	0.653250346	0.498319186	0.936335347	0.715278275	0.710663832	0.563173259	0.499184092	0.597138379	0.619957015	0.616900232	0.621206115	0.829776204	0.595574144	0.559971358	0.589517425	0.651980367	0.515164585	0.795923074	0.647502175	0.647574842	0.653698233	0.516135895	0.717951462	0.564027337	0.683339014	0.78714578	0.616668544	0.710145998	0.541067429	0.70015774	0.624345251	0.629544839	0.615268751	0.636169188	0.637105931	0.797897815	0.875591885	0.786865188
13414.10.hg	0.535130136	0	0.796898591	0.671291454	0.552940368	0.914308065	0.547069518	0.638498328	0.47547802	0.761679511	0.601370153	0.501241331	0.548945899	0.645276411	0.618234414	0.73737058	0.634558357	0.490161322	0.692337475	0.5736796	0.559198964	0.769842591	0.63776789	0.837711356	0.605474747	0.661587912	0.425387062	0.573517726	0.469020278	0.602323689	0.583638078	0.51378872	0.732283384	0.917522585	0.811519633	0.534676567	0.54088053	0.494893272	0.541785538	0.726389672	0.689762329	0.765991624	0.502746247	0.633189962	0.477184731	0.970719213	0.714571144	0.701949667	0.620923835	0.464352421	0.625254312	0.62927093	0.474738527	0.526173616	0.818856023	0.631757387	0.602920336	0.554754808	0.668620111	0.573771652	0.83348139	0.677458728	0.662883203	0.691227253	0.516004427	0.718585471	0.620871306	0.676073582	0.797388751	0.575774792	0.751657712	0.548378058	0.76898188	0.666337109	0.670586099	0.581449128	0.591916873	0.596713842	0.78657131	0.889388679	0.776409842
13414.25.hg	0.760686303	0.796898591	0	0.786722288	0.927887082	0.929169648	0.891524202	0.837765934	0.828899867	0.794926936	0.782001415	0.693791592	0.730889255	0.766995205	0.644110188	0.830586183	0.588603737	0.715053428	0.892065795	0.784829383	0.748930156	0.753192798	0.834376553	0.858035421	0.707754458	0.827633356	0.702826244	0.88751709	0.741132571	0.72399499	0.741988382	0.875729456	0.770315478	0.929674842	0.859625419	0.741045688	0.713595024	0.845048604	0.716688887	0.754549044	0.533156861	0.744024226	0.784488755	0.746122494	0.751563236	0.87390566	0.916477872	0.873801915	0.620395253	0.674542396	0.667650394	0.671078435	0.87957207	0.835802495	0.814664149	0.653857141	0.611664258	0.900622716	0.610635447	0.636284478	0.805564419	0.614568419	0.487812733	0.672743824	0.630884927	0.687630437	0.537647986	0.761620414	0.71954968	0.797868152	0.76619372	0.750592931	0.611248488	0.613923101	0.534299911	0.76961193	0.815477727	0.786872281	0.779299066	0.687793701	0.803718205
13414.31.hg	0.639751608	0.671291454	0.786722288	0	0.79905044	0.956017446	0.768043801	0.715349759	0.737438613	0.77965729	0.695895594	0.62151074	0.661496562	0.611401548	0.615436935	0.68015806	0.674349478	0.59285049	0.714008452	0.679114017	0.673295582	0.707796659	0.714765357	0.654798383	0.644900395	0.677155042	0.625301844	0.721919665	0.637856735	0.66214379	0.634215118	0.750950257	0.716726081	0.923529683	0.762757779	0.631744681	0.612730179	0.731664255	0.600537356	0.732363256	0.709709155	0.748121199	0.685278695	0.646475427	0.596900596	0.898240466	0.784818202	0.792710004	0.658604366	0.553109761	0.650261295	0.658509301	0.746375526	0.686520704	0.797494072	0.641072245	0.640919692	0.751202601	0.675491074	0.592221652	0.83505596	0.6986763	0.695074872	0.724405746	0.606355926	0.682525313	0.599917233	0.628729786	0.778401697	0.690842831	0.72957043	0.612675575	0.773272743	0.658551977	0.686235061	0.646471761	0.709441069	0.695852412	0.772611485	0.79642397	0.736646384
13414.3.hg	0.605439139	0.552940368	0.927887082	0.79905044	0	1.021333546	0.630996874	0.70865428	0.556007927	0.886266572	0.588529761	0.682328547	0.721577104	0.770178499	0.741169118	0.859327162	0.793862815	0.652769092	0.76537271	0.68619454	0.714838654	0.911908774	0.711094576	0.946696099	0.741805144	0.78396706	0.636426987	0.557217278	0.546152933	0.764386263	0.730927408	0.162926215	0.851388898	1.066957383	0.917631803	0.669685396	0.692434642	0.262145746	0.639654268	0.857126951	0.855555636	0.925095513	0.620963421	0.775010831	0.561805049	1.057158457	0.787812947	0.778001357	0.79018162	0.568887701	0.776045653	0.777410323	0.388278387	0.643592297	0.965916222	0.773830543	0.73305571	0.166326894	0.822519402	0.718852935	0.933706749	0.836012651	0.826099027	0.824491114	0.694545151	0.883286079	0.746526367	0.833424397	0.932646251	0.677111143	0.846332393	0.628778889	0.896089148	0.804145058	0.796104631	0.720704408	0.698090739	0.720502785	0.921194233	0.999962308	0.920667791
13414.100.hg	0.846920019	0.914308065	0.929169648	0.956017446	1.021333546	0	1.00761836	0.918445546	0.955827395	0.74411202	0.895964083	0.903298911	0.848747895	0.904671744	0.897924244	0.986196905	0.826226994	0.815095078	0.977008284	0.889865371	0.80028149	0.966165623	0.914702074	1.032933254	0.870623788	0.944650749	0.862003547	1.022472305	0.916881312	0.749020349	0.864223835	0.995777869	0.929133397	0.91376978	1.001323091	0.868364091	0.892727408	0.962181669	0.810817774	0.997032885	0.897441337	0.946413297	0.959141481	0.822067146	0.845304081	1.029943888	1.00380431	0.973793647	0.865027716	0.828441763	0.85973296	0.928304367	0.988034302	0.956424292	1.009559929	0.866161568	0.896391771	1.002952162	0.83342464	0.817546207	0.989371252	0.896784114	0.841751633	0.876735869	0.819234826	0.858184254	0.799118696	0.884039013	0.958004907	0.892388415	0.936814115	0.835268682	0.860159582	0.857615624	0.745943013	0.894017903	0.911584501	0.842809253	0.931612421	1.035064099	0.989894583
13414.2.hg	0.676109308	0.547069518	0.891524202	0.768043801	0.630996874	1.00761836	0	0.744700734	0.586273304	0.854814268	0.733377822	0.620148034	0.657528562	0.777000482	0.700663176	0.856887738	0.754192545	0.613363103	0.8017698	0.715214089	0.658586237	0.86716526	0.74134752	0.927719153	0.702820645	0.785816814	0.55725734	0.642623793	0.524427186	0.717565679	0.691722588	0.576005895	0.838508603	1.045943587	0.918433192	0.669191858	0.631352228	0.570928607	0.62550528	0.804815795	0.815596411	0.866753535	0.551941593	0.748605532	0.57918942	1.038203799	0.823071302	0.791983351	0.727238696	0.572275426	0.733520201	0.744865873	0.612570648	0.574227179	0.905999745	0.722932774	0.694267859	0.628922408	0.790796906	0.658844298	0.918507973	0.782655818	0.780159737	0.787575253	0.639785991	0.832611318	0.708277858	0.795131868	0.899839209	0.713200585	0.838837038	0.649544571	0.846919849	0.747287491	0.762849782	0.699875101	0.735267774	0.72053829	0.903023776	0.973397562	0.890723651
13414.33.hg	0.633804869	0.638498328	0.837765934	0.715349759	0.70865428	0.918445546	0.744700734	0	0.698867499	0.777005192	0.758839848	0.667068449	0.680799094	0.649294316	0.604663486	0.752653549	0.693942958	0.578276607	0.616840681	0.549034968	0.700642546	0.801823824	0.013516072	0.842265126	0.621013069	0.660576418	0.632838395	0.772558562	0.632827506	0.691374946	0.606896133	0.705837119	0.797373928	0.967514853	0.806553142	0.408077205	0.666078031	0.706490771	0.475223317	0.717800347	0.745814071	0.81461802	0.694276906	0.654167379	0.486412632	0.962471606	0.606848697	0.685902899	0.67737607	0.515938669	0.664045825	0.521981488	0.663073413	0.627719734	0.892401908	0.668619681	0.607965594	0.733757318	0.727551592	0.612016827	0.83204703	0.728118943	0.716595485	0.712767766	0.571933973	0.790474965	0.634325604	0.714093873	0.833825351	0.537829169	0.740417166	0.451448121	0.788832331	0.698549542	0.698757715	0.618961543	0.555758893	0.587719622	0.816773343	0.903473929	0.819441787
13414.17.hg	0.582270577	0.47547802	0.828899867	0.737438613	0.556007927	0.955827395	0.586273304	0.698867499	0	0.814310408	0.64268934	0.571919726	0.605365004	0.736340872	0.66031404	0.829835683	0.732239003	0.561766951	0.756571421	0.675611686	0.617772601	0.8272653	0.701146522	0.905379513	0.674261146	0.754078593	0.52507308	0.592204617	0.500954568	0.670665476	0.691774267	0.525956533	0.807246446	1.006985416	0.868676256	0.625163952	0.602487953	0.500983384	0.614028304	0.772934461	0.76125641	0.840543873	0.537657293	0.732585887	0.542405002	0.991525372	0.781873753	0.759973035	0.667825225	0.504549159	0.693755311	0.702093068	0.541553913	0.61072145	0.898204912	0.685474473	0.644675831	0.559899142	0.75300369	0.612541855	0.860145503	0.743808681	0.725793953	0.744034258	0.590783646	0.796111547	0.649127064	0.778496496	0.857916959	0.672919051	0.792279222	0.612441204	0.803431625	0.707485327	0.733354902	0.688468305	0.69176151	0.696238741	0.882338574	0.935944601	0.874756003
13414.16.hg	0.678310168	0.761679511	0.794926936	0.77965729	0.886266572	0.74411202	0.854814268	0.777005192	0.814310408	0	0.70552166	0.742182267	0.67364075	0.760910288	0.742888064	0.809685023	0.678748265	0.639502133	0.853905273	0.763508613	0.607061694	0.733745981	0.774612468	0.840928639	0.712122537	0.771778707	0.700665556	0.823348052	0.734345927	0.521234855	0.728105689	0.839312912	0.71632594	0.822013513	0.859231968	0.682749593	0.72285538	0.797249917	0.683503626	0.832640279	0.733575145	0.805948209	0.796364864	0.728782702	0.709692865	0.92381016	0.873229584	0.83749535	0.674849996	0.677724738	0.70424945	0.732346238	0.840972853	0.811053549	0.904175284	0.701753123	0.723571857	0.850862263	0.643854318	0.655272889	0.868558634	0.693578881	0.692659421	0.740918877	0.659531718	0.739715249	0.65136715	0.763779757	0.834277692	0.762774716	0.797623784	0.700294808	0.735676181	0.70582313	0.606843291	0.739381031	0.784583834	0.746269841	0.832113149	0.874226063	0.808337053
13414.27.hg	0.435229183	0.601370153	0.782001415	0.695895594	0.588529761	0.895964083	0.733377822	0.758839848	0.64268934	0.70552166	0	0.59247568	0.577032271	0.6764367	0.698436434	0.767966783	0.651149453	0.565826738	0.81557836	0.727144805	0.518652567	0.759133521	0.759149154	0.828360762	0.701199765	0.737549706	0.573736346	0.651395324	0.611556255	0.57724342	0.697886379	0.549261398	0.696068986	0.894317758	0.848736436	0.684567065	0.579015304	0.501108031	0.650230108	0.796354134	0.713236673	0.788837688	0.665696954	0.71168176	0.599587016	0.947456645	0.838664194	0.804921068	0.624339254	0.586485798	0.653532845	0.715794549	0.652763871	0.687515508	0.845823693	0.654169997	0.680765375	0.548289267	0.680240312	0.597837827	0.853190908	0.676948239	0.685940384	0.710690108	0.618327133	0.729297806	0.602829186	0.701259911	0.810662923	0.727246393	0.7594332	0.667975049	0.733600101	0.677167784	0.64838824	0.687357988	0.746009702	0.731912734	0.80852579	0.877418433	0.794102578
13414.46.hg	0.54069796	0.501241331	0.693791592	0.62151074	0.682328547	0.903298911	0.620148034	0.667068449	0.571919726	0.742182267	0.59247568	0	0.510334452	0.640223877	0.476870159	0.73183763	0.597629316	0.498948632	0.720148798	0.629551178	0.505242953	0.70480818	0.66679649	0.813334884	0.578601233	0.684031239	0.401570047	0.658860446	0.493948303	0.56210563	0.595596436	0.63042313	0.701733935	0.922151226	0.765515533	0.574818859	0.418952343	0.574509083	0.553720056	0.62079255	0.600208242	0.675925504	0.439162507	0.639483239	0.499885333	0.885962685	0.744234409	0.717454564	0.463553033	0.450374721	0.51298902	0.523442427	0.627293784	0.565103501	0.722154925	0.492323479	0.533151443	0.663248206	0.629973143	0.440899982	0.736756005	0.53862002	0.575936329	0.616390804	0.463924447	0.670357498	0.481592268	0.673164236	0.732495124	0.63041074	0.690130195	0.558422794	0.625637181	0.525111127	0.627027551	0.603804997	0.650791697	0.64826657	0.781906757	0.806836863	0.766412359
13414.22.hg	0.502260207	0.548945899	0.730889255	0.661496562	0.721577104	0.848747895	0.657528562	0.680799094	0.605365004	0.67364075	0.577032271	0.510334452	0	0.680087527	0.609490842	0.74977748	0.607586137	0.458710799	0.739405479	0.650087713	0.457996399	0.743332296	0.681620766	0.824273153	0.641945604	0.717485507	0.473230444	0.687400521	0.578320499	0.506712617	0.622924219	0.642683608	0.646099229	0.877945233	0.796469425	0.590465658	0.483502493	0.606868635	0.570225612	0.70663634	0.609503025	0.736252224	0.595079854	0.67893201	0.523534819	0.939053432	0.750642554	0.733091003	0.558979369	0.495642029	0.612984168	0.638256619	0.667408033	0.617467069	0.777211185	0.598653745	0.58974336	0.713599909	0.591891179	0.524483626	0.810784513	0.597115637	0.582922834	0.651460269	0.515021498	0.706027482	0.542875551	0.696300458	0.765031928	0.648858788	0.727487763	0.585642623	0.65512191	0.626124476	0.585381772	0.637798288	0.669215054	0.664812136	0.801956412	0.870902812	0.786458111
13414.102.hg	0.646630075	0.645276411	0.766995205	0.611401548	0.770178499	0.904671744	0.777000482	0.649294316	0.736340872	0.760910288	0.6764367	0.640223877	0.680087527	0	0.583166422	0.492600198	0.602583955	0.54550855	0.676142347	0.347869276	0.706220321	0.663179047	0.6517952	0.683757452	0.326751801	0.349662891	0.631211481	0.743418915	0.641972674	0.684045422	0.592759064	0.75134273	0.708960933	0.821689196	0.780984678	0.545318669	0.612136349	0.716620396	0.54799073	0.725441938	0.684623444	0.678209164	0.702390331	0.322910524	0.577586457	0.846902481	0.726949019	0.73501286	0.632804066	0.530065524	0.591945439	0.583636175	0.617247929	0.453351056	0.739860627	0.610395309	0.62304059	0.73616734	0.611940952	0.575549471	0.804183251	0.573374083	0.638792658	0.698832827	0.522185043	0.640519025	0.570073369	0.281804819	0.756463853	0.348129014	0.681386799	0.566568484	0.746142329	0.646657632	0.654840025	0.362232622	0.384450096	0.362199155	0.678257384	0.745544592	0.602132165
13414.14.hg	0.605574861	0.618234414	0.644110188	0.615436935	0.741169118	0.897924244	0.700663176	0.604663486	0.66031404	0.742888064	0.698436434	0.476870159	0.609490842	0.583166422	0	0.69336723	0.600352958	0.497782484	0.572868416	0.546635629	0.629980618	0.706439938	0.604447943	0.724528048	0.494597716	0.599078667	0.507515571	0.720589747	0.520543582	0.608130686	0.564577997	0.694432683	0.718787095	0.917958483	0.721896184	0.51389493	0.538602838	0.671337048	0.501650518	0.578527448	0.543585089	0.680748706	0.554546914	0.558591912	0.529730517	0.8608128	0.685677851	0.691664786	0.49650234	0.423953829	0.537223016	0.471433931	0.673656707	0.603102158	0.737521264	0.521824725	0.442015063	0.725896483	0.637337029	0.446223368	0.726376463	0.51456734	0.51983579	0.62885405	0.413178565	0.666701971	0.437503295	0.627332524	0.731410727	0.543874072	0.679709142	0.510158902	0.662374524	0.546173	0.631670316	0.538317157	0.56372609	0.56566012	0.756472788	0.74913613	0.745842541
13414.49.hg	0.736034386	0.73737058	0.830586183	0.68015806	0.859327162	0.986196905	0.856887738	0.752653549	0.829835683	0.809685023	0.767966783	0.73183763	0.74977748	0.492600198	0.69336723	0	0.669811201	0.601663433	0.786771489	0.606627442	0.779018874	0.575820787	0.755396363	0.627648623	0.53767325	0.399352352	0.711854848	0.785037826	0.723571626	0.754670675	0.687798415	0.8353173	0.726456536	0.891801073	0.855468389	0.645532192	0.692474543	0.802182925	0.642932298	0.822302269	0.761204618	0.72109703	0.787887215	0.535103486	0.675819629	0.857046085	0.82243636	0.825709636	0.706318255	0.627010884	0.668106426	0.678999563	0.730062465	0.662593899	0.787458448	0.682468112	0.721047898	0.822335362	0.66699515	0.660407719	0.87666834	0.638853649	0.712195734	0.771183328	0.626242286	0.692239588	0.648298984	0.577632956	0.819666008	0.60007873	0.742594723	0.668027549	0.825749805	0.713502652	0.729395672	0.592523594	0.629651629	0.614256677	0.730284371	0.684737736	0.483600879
13414.103.hg	0.624480768	0.634558357	0.588603737	0.674349478	0.793862815	0.826226994	0.754192545	0.693942958	0.732239003	0.678748265	0.651149453	0.597629316	0.607586137	0.602583955	0.600352958	0.669811201	0	0.581253707	0.743089046	0.614136429	0.620786131	0.669461069	0.690025448	0.746290306	0.577460912	0.644908981	0.592694301	0.771222287	0.653418648	0.586131789	0.583496629	0.745670888	0.636209771	0.786135728	0.722613193	0.592311213	0.571003479	0.70345418	0.568111071	0.68345099	0.545560883	0.613347771	0.66464185	0.58591412	0.615143894	0.841529432	0.769190048	0.741456521	0.496597844	0.577577664	0.48809873	0.608465142	0.702903607	0.675495404	0.721110935	0.502369988	0.639540334	0.773201727	0.500410123	0.498635969	0.736888781	0.503934973	0.436055503	0.418879155	0.506719882	0.508652828	0.486148151	0.589072563	0.457584391	0.609698488	0.658653404	0.601957924	0.418611377	0.50392637	0.461572565	0.474668584	0.641695808	0.607871549	0.454299567	0.73928242	0.625200015
13414.40.hg	0.433529493	0.490161322	0.715053428	0.59285049	0.652769092	0.815095078	0.613363103	0.578276607	0.561766951	0.639502133	0.565826738	0.498948632	0.458710799	0.54550855	0.497782484	0.601663433	0.581253707	0	0.614240653	0.489221324	0.451342822	0.690627715	0.577528485	0.758354354	0.486240347	0.566068681	0.43555576	0.633141048	0.496476167	0.444592582	0.532266942	0.595180964	0.654816272	0.821392835	0.737172217	0.460179921	0.485983591	0.566275904	0.487502094	0.627290225	0.603974705	0.689268167	0.531199415	0.534910001	0.446230876	0.896151412	0.63943271	0.650967592	0.532678917	0.375182001	0.557654956	0.550517987	0.562532002	0.469812096	0.747122433	0.554919741	0.501475594	0.652932177	0.588946115	0.46276022	0.755567865	0.557856271	0.584199195	0.620433244	0.413776755	0.646416336	0.500269798	0.577476998	0.741050306	0.485037726	0.679782739	0.485355108	0.679138783	0.588006464	0.603892253	0.490991263	0.505550491	0.511835022	0.752553584	0.822869914	0.728771823
13414.15.hg	0.701506389	0.692337475	0.892065795	0.714008452	0.76537271	0.977008284	0.8017698	0.616840681	0.756571421	0.853905273	0.81557836	0.720148798	0.739405479	0.676142347	0.572868416	0.786771489	0.743089046	0.614240653	0	0.557725511	0.756638664	0.868435513	0.622586686	0.716194476	0.640932947	0.679284397	0.688428699	0.831403805	0.668120919	0.735565971	0.675889421	0.762439298	0.845045105	1.019068604	0.795258758	0.580980509	0.718538071	0.763297031	0.560577197	0.797932958	0.801439956	0.868421588	0.748826406	0.676346764	0.5678047	1.020200149	0.701086791	0.742299163	0.738290359	0.520411889	0.713874237	0.713131939	0.707590553	0.65792813	0.939642641	0.718673129	0.678882059	0.790565539	0.775415346	0.652616977	0.889373069	0.76632934	0.761465337	0.770437055	0.602976984	0.841825504	0.67561043	0.74517155	0.889198183	0.545352988	0.799888953	0.548892602	0.848307441	0.753923212	0.755699523	0.642920737	0.563151403	0.599697887	0.87035631	0.956169899	0.867805031
13414.39.hg	0.618002354	0.5736796	0.784829383	0.679114017	0.68619454	0.889865371	0.715214089	0.549034968	0.675611686	0.763508613	0.727144805	0.629551178	0.650087713	0.347869276	0.546635629	0.606627442	0.614136429	0.489221324	0.557725511	0	0.675550499	0.768915417	0.551110597	0.777481078	0.253599503	0.237929685	0.597270741	0.742949203	0.58746799	0.649633709	0.552097136	0.677496543	0.748439499	0.885776951	0.759684677	0.451489498	0.619086818	0.670658474	0.463786119	0.704021363	0.673952435	0.744195048	0.657558153	0.305796193	0.485821709	0.93257676	0.62758874	0.653282675	0.642931629	0.452865424	0.604098487	0.569504162	0.52175797	0.34352995	0.810244601	0.622244573	0.59417191	0.705944617	0.617204993	0.56879982	0.794122968	0.585347942	0.637863774	0.690282949	0.476706368	0.699222836	0.582074032	0.444538181	0.781304325	0.04087309	0.716113105	0.470817813	0.761073571	0.655495632	0.652600805	0.294113846	0.130733982	0.118441128	0.750239035	0.836493099	0.712312581
13414.11.hg	0.511718646	0.559198964	0.748930156	0.673295582	0.714838654	0.80028149	0.658586237	0.700642546	0.617772601	0.607061694	0.518652567	0.505242953	0.457996399	0.706220321	0.629980618	0.779018874	0.620786131	0.451342822	0.756638664	0.675550499	0	0.75465321	0.70041665	0.843623764	0.673545001	0.746070318	0.507295068	0.710601066	0.58935228	0.362048563	0.666469889	0.66636248	0.67792036	0.833006191	0.81211231	0.616838272	0.545820658	0.638002852	0.6007314	0.739572542	0.642608912	0.76509579	0.552981921	0.703103209	0.538204008	0.949262463	0.778912092	0.746756971	0.572525328	0.519508733	0.622379069	0.678117758	0.671900235	0.611988698	0.817881459	0.610250749	0.622265186	0.712769984	0.616318808	0.547204655	0.817262501	0.626819801	0.605926917	0.643196845	0.535226731	0.724637765	0.563570459	0.724820736	0.77353767	0.671376521	0.74069243	0.609834385	0.660365871	0.626654134	0.582541199	0.661873785	0.692256524	0.692626805	0.807932237	0.892369896	0.798577611
13414.32.hg	0.744124455	0.769842591	0.753192798	0.707796659	0.911908774	0.966165623	0.86716526	0.801823824	0.8272653	0.733745981	0.759133521	0.70480818	0.743332296	0.663179047	0.706439938	0.575820787	0.669461069	0.690627715	0.868435513	0.768915417	0.75465321	0	0.800767121	0.647796549	0.68254928	0.7065149	0.696064192	0.796756441	0.737779123	0.725782036	0.734901479	0.861354258	0.704005527	0.89433349	0.830668778	0.703350154	0.676705747	0.824148108	0.70051132	0.795248653	0.739841107	0.670618891	0.776461659	0.709178659	0.729874714	0.730266215	0.88770955	0.862781389	0.628270631	0.671961124	0.623894763	0.702941311	0.853107461	0.816715478	0.75565055	0.625716927	0.709608413	0.871192526	0.683573069	0.64893494	0.819797431	0.67351654	0.682734745	0.716282368	0.650089363	0.624761381	0.643403381	0.709831094	0.752833877	0.769056045	0.697865098	0.716212062	0.771135249	0.618252336	0.696774346	0.73869476	0.786656112	0.773563865	0.717421023	0.593374236	0.450602572
13414.34.hg	0.636753419	0.63776789	0.834376553	0.714765357	0.711094576	0.914702074	0.74134752	0.013516072	0.701146522	0.774612468	0.759149154	0.66679649	0.681620766	0.6517952	0.604447943	0.755396363	0.690025448	0.577528485	0.622586686	0.551110597	0.70041665	0.800767121	0	0.84157473	0.616568732	0.6613729	0.629556491	0.773260047	0.632459005	0.689230604	0.60489068	0.705053828	0.797576673	0.965696081	0.809049942	0.409965595	0.664961127	0.708629851	0.473408316	0.716274974	0.744027956	0.809976374	0.692752908	0.648387609	0.490609818	0.961368003	0.610936297	0.68770302	0.675616406	0.518001783	0.663731764	0.522293119	0.666274109	0.629710734	0.888610176	0.668034716	0.609353005	0.736915335	0.725609799	0.610396228	0.830661993	0.726935334	0.715099759	0.712294027	0.567696643	0.788734148	0.632936444	0.709902721	0.831948012	0.540435131	0.743788885	0.456994997	0.785935598	0.695486646	0.697035147	0.617385371	0.558405373	0.585745393	0.814861214	0.902512516	0.8172712
13414.47.hg	0.810253456	0.837711356	0.858035421	0.654798383	0.946696099	1.032933254	0.927719153	0.842265126	0.905379513	0.840928639	0.828360762	0.813334884	0.824273153	0.683757452	0.724528048	0.627648623	0.746290306	0.758354354	0.716194476	0.777481078	0.843623764	0.647796549	0.84157473	0	0.740079996	0.725715163	0.792326241	0.822180066	0.780066023	0.805497198	0.777067454	0.904844593	0.73341354	0.9802172	0.838675518	0.768442779	0.77470846	0.877843222	0.724492738	0.883993039	0.828210437	0.78946893	0.87479539	0.718560827	0.767069525	0.886971205	0.923072789	0.904171997	0.766939077	0.692578754	0.736452083	0.795623602	0.889664059	0.849569629	0.862332199	0.74207671	0.791951433	0.912441446	0.73576703	0.721514464	0.918453651	0.7579508	0.805552778	0.823439877	0.732872867	0.736593252	0.691947151	0.711176197	0.846654904	0.789520494	0.801238129	0.756459935	0.871125337	0.737171961	0.77051144	0.76384863	0.80788551	0.779944028	0.807051969	0.731302902	0.673309024
13414.37.hg	0.625769383	0.605474747	0.707754458	0.644900395	0.741805144	0.870623788	0.702820645	0.621013069	0.674261146	0.712122537	0.701199765	0.578601233	0.641945604	0.326751801	0.494597716	0.53767325	0.577460912	0.486240347	0.640932947	0.253599503	0.673545001	0.68254928	0.616568732	0.740079996	0	0.267101974	0.535957097	0.713799349	0.545685835	0.643234229	0.528030918	0.701272311	0.713455766	0.826980633	0.77146794	0.491037159	0.559557733	0.670395393	0.495102282	0.617059487	0.614520784	0.668949719	0.608997188	0.219356905	0.547029084	0.843773207	0.696982639	0.70149076	0.579079932	0.453557824	0.558645907	0.518123925	0.580918057	0.40458627	0.722669973	0.567605902	0.544142305	0.719970399	0.565343672	0.499361077	0.742318821	0.494888127	0.573956584	0.682974304	0.433936116	0.600916426	0.511206475	0.39109647	0.741326459	0.255063506	0.674401839	0.53295631	0.706628757	0.589036225	0.622499141	0.26042111	0.29962061	0.237523573	0.723191308	0.755540278	0.669573313
13414.42.hg	0.686175269	0.661587912	0.827633356	0.677155042	0.78396706	0.944650749	0.785816814	0.660576418	0.754078593	0.771778707	0.737549706	0.684031239	0.717485507	0.349662891	0.599078667	0.399352352	0.644908981	0.566068681	0.679284397	0.237929685	0.746070318	0.7065149	0.6613729	0.725715163	0.267101974	0	0.657882201	0.709193192	0.647631834	0.721337272	0.598520433	0.757707374	0.696559191	0.893858473	0.834766761	0.555668024	0.661650006	0.723154446	0.555562399	0.751483601	0.730897828	0.769081663	0.716179695	0.280165143	0.593032161	0.901283213	0.738903066	0.754307659	0.689525639	0.548077902	0.652710245	0.623119021	0.61866457	0.446524019	0.831387078	0.672310816	0.648501054	0.74616574	0.629372538	0.61911925	0.855033056	0.588861377	0.690691856	0.752220817	0.549077451	0.705914837	0.621364272	0.455596907	0.819020633	0.231219655	0.748801956	0.578949814	0.807085793	0.709739395	0.689713379	0.333631482	0.320356804	0.261091178	0.770269345	0.771126166	0.637403829
13414.30.hg	0.51564236	0.425387062	0.702826244	0.625301844	0.636426987	0.862003547	0.55725734	0.632838395	0.52507308	0.700665556	0.573736346	0.401570047	0.473230444	0.631211481	0.507515571	0.711854848	0.592694301	0.43555576	0.688428699	0.597270741	0.507295068	0.696064192	0.629556491	0.792326241	0.535957097	0.657882201	0	0.616366909	0.458974036	0.568617667	0.556005836	0.584463068	0.682584178	0.887850051	0.770702507	0.535092686	0.436637625	0.546642096	0.511568416	0.628187525	0.610222812	0.678005427	0.467254133	0.604498022	0.462289498	0.876745358	0.703683828	0.691161717	0.49138766	0.414921108	0.529924512	0.555472123	0.575723043	0.52798453	0.726640078	0.513378497	0.515826373	0.617572214	0.626416467	0.430387644	0.745867626	0.576135757	0.589968334	0.620420193	0.440294206	0.645206053	0.509824321	0.644356016	0.738952909	0.59825631	0.685309631	0.525293107	0.664732828	0.547728408	0.616476715	0.561159803	0.617808127	0.59879574	0.754861423	0.813041904	0.74949902
13414.29.hg	0.668802181	0.573517726	0.88751709	0.721919665	0.557217278	1.022472305	0.642623793	0.772558562	0.592204617	0.823348052	0.651395324	0.658860446	0.687400521	0.743418915	0.720589747	0.785037826	0.771222287	0.633141048	0.831403805	0.742949203	0.710601066	0.796756441	0.773260047	0.822180066	0.713799349	0.709193192	0.616366909	0	0.544645198	0.763210036	0.687981532	0.455933381	0.692449766	1.043132406	0.928375978	0.702528706	0.640280834	0.45114784	0.670924566	0.81815576	0.819733598	0.874284541	0.607976395	0.724460969	0.618186972	0.980768504	0.845183929	0.828147915	0.760801051	0.599552657	0.761345764	0.759248909	0.535958027	0.689108107	0.901335884	0.745311296	0.714688122	0.530306906	0.72454803	0.676903765	0.924786216	0.746899419	0.807528722	0.815613985	0.687155252	0.830924957	0.713259698	0.78503704	0.894895541	0.74521154	0.835214113	0.683824428	0.869818256	0.773441558	0.755616199	0.707611064	0.765147453	0.754368463	0.897665255	0.909997383	0.830258412
13414.12.hg	0.561011897	0.469020278	0.741132571	0.637856735	0.546152933	0.916881312	0.524427186	0.632827506	0.500954568	0.734345927	0.611556255	0.493948303	0.578320499	0.641972674	0.520543582	0.723571626	0.653418648	0.496476167	0.668120919	0.58746799	0.58935228	0.737779123	0.632459005	0.780066023	0.545685835	0.647631834	0.458974036	0.544645198	0	0.593789359	0.591404218	0.499747278	0.697327858	0.943254429	0.780087308	0.511537143	0.519882036	0.481528428	0.525456202	0.652302969	0.644770767	0.74786152	0.483387652	0.624950642	0.479490473	0.891853821	0.706823103	0.691241577	0.591806768	0.308946719	0.60739085	0.580982681	0.484517848	0.48374003	0.787774433	0.587359918	0.540216121	0.539166396	0.641745439	0.503313692	0.766004687	0.61477529	0.627553092	0.700621714	0.46677434	0.686523833	0.516184508	0.685182583	0.789534634	0.586318572	0.714133036	0.543079	0.747393974	0.611621543	0.669151543	0.579896486	0.608687373	0.600171056	0.801188364	0.81868751	0.77990335
13414.13.hg	0.50707864	0.602323689	0.72399499	0.66214379	0.764386263	0.749020349	0.717565679	0.691374946	0.670665476	0.521234855	0.57724342	0.56210563	0.506712617	0.684045422	0.608130686	0.754670675	0.586131789	0.444592582	0.735565971	0.649633709	0.362048563	0.725782036	0.689230604	0.805497198	0.643234229	0.721337272	0.568617667	0.763210036	0.593789359	0	0.640551049	0.710667593	0.650150965	0.774714141	0.763278878	0.584949576	0.576936141	0.676762273	0.587175068	0.712303394	0.610734242	0.717209619	0.626903342	0.674831746	0.575514091	0.932489364	0.769174349	0.735004253	0.544422091	0.504149089	0.600969074	0.651450042	0.703192602	0.649699619	0.793226723	0.588804527	0.601680899	0.766927729	0.575929489	0.521426609	0.790547223	0.609214419	0.573686363	0.636443304	0.513856631	0.692053168	0.539982955	0.695507484	0.761316258	0.64579425	0.722226551	0.600737482	0.646772792	0.620739568	0.553593969	0.641476207	0.669497743	0.667046393	0.787196718	0.857872719	0.772409277
13414.26.hg	0.59714358	0.583638078	0.741988382	0.634215118	0.730927408	0.864223835	0.691722588	0.606896133	0.691774267	0.728105689	0.697886379	0.595596436	0.622924219	0.592759064	0.564577997	0.687798415	0.583496629	0.532266942	0.675889421	0.552097136	0.666469889	0.734901479	0.60489068	0.777067454	0.528030918	0.598520433	0.556005836	0.687981532	0.591404218	0.640551049	0	0.672823895	0.707630385	0.842866409	0.798486324	0.510198387	0.559863033	0.654086219	0.421682391	0.576809003	0.597477175	0.630631655	0.639156542	0.524624303	0.508608086	0.884007223	0.59398855	0.699572906	0.599501225	0.505034509	0.583179673	0.570091181	0.647891491	0.607272699	0.732693103	0.593217682	0.4249111	0.70311135	0.616974507	0.506615377	0.8105612	0.633149484	0.648701202	0.692123469	0.504622413	0.65118454	0.564473253	0.541488886	0.762818929	0.560321793	0.721584264	0.497533553	0.713841071	0.620561808	0.618697159	0.524786978	0.578645912	0.540664749	0.67124614	0.818483463	0.736718111
13414.28.hg	0.571451022	0.51378872	0.875729456	0.750950257	0.162926215	0.995777869	0.576005895	0.705837119	0.525956533	0.839312912	0.549261398	0.63042313	0.642683608	0.75134273	0.694432683	0.8353173	0.745670888	0.595180964	0.762439298	0.677496543	0.66636248	0.861354258	0.705053828	0.904844593	0.701272311	0.757707374	0.584463068	0.455933381	0.499747278	0.710667593	0.672823895	0	0.805982073	1.040897725	0.895632168	0.637285102	0.611141597	0.175573499	0.610992216	0.797933044	0.803380982	0.873053972	0.569849244	0.728612778	0.549724396	1.022397124	0.784534625	0.76030477	0.733930091	0.536364949	0.736068049	0.739540673	0.420073511	0.622050025	0.890378823	0.725917901	0.688580147	0.201759908	0.758790776	0.66760106	0.900155233	0.772431439	0.778191262	0.776068097	0.644510873	0.838396219	0.698085494	0.791348818	0.884246954	0.675325929	0.82013197	0.616028522	0.844175348	0.755134554	0.749192836	0.689866353	0.696342102	0.696917764	0.893354424	0.96598408	0.877919137
13414.4.hg	0.672079813	0.732283384	0.770315478	0.716726081	0.851388898	0.929133397	0.838508603	0.797373928	0.807246446	0.71632594	0.696068986	0.701733935	0.646099229	0.708960933	0.718787095	0.726456536	0.636209771	0.654816272	0.845045105	0.748439499	0.67792036	0.704005527	0.797576673	0.73341354	0.713455766	0.696559191	0.682584178	0.692449766	0.697327858	0.650150965	0.707630385	0.805982073	0	0.914373412	0.866144527	0.690884132	0.683455095	0.764917264	0.683508021	0.804212613	0.646659497	0.789752293	0.778292772	0.704209628	0.701304762	0.929790673	0.870556755	0.842196092	0.658213775	0.638216909	0.678681924	0.740417357	0.789103573	0.782135442	0.851060283	0.66645406	0.717670477	0.828575921	0.553838258	0.603625178	0.882193777	0.588185	0.62536165	0.724415021	0.610796792	0.727884198	0.584112769	0.738236269	0.788523612	0.752717314	0.786661731	0.707351618	0.705688736	0.678624348	0.58449663	0.699954664	0.774953399	0.762036462	0.814758399	0.827856236	0.726689261
13414.19.hg	0.875991742	0.917522585	0.929674842	0.923529683	1.066957383	0.91376978	1.045943587	0.967514853	1.006985416	0.822013513	0.894317758	0.922151226	0.877945233	0.821689196	0.917958483	0.891801073	0.786135728	0.821392835	1.019068604	0.885776951	0.833006191	0.89433349	0.965696081	0.9802172	0.826980633	0.893858473	0.887850051	1.043132406	0.943254429	0.774714141	0.842866409	1.040897725	0.914373412	0	1.019954583	0.864663731	0.887844198	0.997883892	0.853647731	1.015717565	0.877107239	0.761847992	0.986120981	0.764587283	0.890385482	0.921447488	1.044054728	1.018584476	0.854134731	0.859500625	0.830972444	0.8926915	0.978665966	0.952778383	0.839211928	0.856579203	0.913954157	1.043958813	0.794621652	0.832610697	1.032704752	0.855772696	0.820369606	0.908748513	0.816453133	0.776260854	0.803383216	0.780577479	0.96526914	0.88655768	0.929601619	0.882366952	0.87439923	0.85511173	0.792029346	0.848492709	0.895417153	0.845464328	0.771911306	0.960359764	0.898510528
13414.67.hg	0.77972212	0.811519633	0.859625419	0.762757779	0.917631803	1.001323091	0.918433192	0.806553142	0.868676256	0.859231968	0.848736436	0.765515533	0.796469425	0.780984678	0.721896184	0.855468389	0.722613193	0.737172217	0.795258758	0.759684677	0.81211231	0.830668778	0.809049942	0.838675518	0.77146794	0.834766761	0.770702507	0.928375978	0.780087308	0.763278878	0.798486324	0.895632168	0.866144527	1.019954583	0	0.739709504	0.74946463	0.850407457	0.706628573	0.885280046	0.814632626	0.770483517	0.809251642	0.796730797	0.728676369	0.964383282	0.891346335	0.864780103	0.745439264	0.68661944	0.689684533	0.748396409	0.866403051	0.826820956	0.925845415	0.709503425	0.778366389	0.912797557	0.78830022	0.720982229	0.552783387	0.809605396	0.761542584	0.741626473	0.719559801	0.791273974	0.720666864	0.819315429	0.829675321	0.771646841	0.779723133	0.723517421	0.81833296	0.717167451	0.755099357	0.780777904	0.789738215	0.788245646	0.834884703	0.886734314	0.849568039
13414.61.hg	0.563807033	0.534676567	0.741045688	0.631744681	0.669685396	0.868364091	0.669191858	0.408077205	0.625163952	0.682749593	0.684567065	0.574818859	0.590465658	0.545318669	0.51389493	0.645532192	0.592311213	0.460179921	0.580980509	0.451489498	0.616838272	0.703350154	0.409965595	0.768442779	0.491037159	0.555668024	0.535092686	0.702528706	0.511537143	0.584949576	0.510198387	0.637285102	0.690884132	0.864663731	0.739709504	0	0.561319859	0.6249517	0.441735541	0.63487962	0.613280057	0.69150581	0.598950494	0.533982178	0.446951366	0.906202278	0.60291261	0.629851741	0.561627118	0.361048943	0.55542554	0.338556967	0.564070213	0.504103114	0.763637538	0.559774318	0.509679074	0.680827927	0.595301111	0.383174783	0.771684378	0.591590653	0.599538249	0.644358894	0.300048021	0.657659574	0.414146012	0.589518137	0.75042558	0.452386791	0.687827056	0.425120325	0.718390942	0.614252999	0.629530396	0.49549841	0.469762163	0.478553169	0.736679004	0.821099746	0.709325357
13414.66.hg	0.535971799	0.54088053	0.713595024	0.612730179	0.692434642	0.892727408	0.631352228	0.666078031	0.602487953	0.72285538	0.579015304	0.418952343	0.483502493	0.612136349	0.538602838	0.692474543	0.571003479	0.485983591	0.718538071	0.619086818	0.545820658	0.676705747	0.664961127	0.77470846	0.559557733	0.661650006	0.436637625	0.640280834	0.519882036	0.576936141	0.559863033	0.611141597	0.683455095	0.887844198	0.74946463	0.561319859	0	0.577519111	0.546907656	0.656083254	0.614045892	0.661166883	0.517166043	0.617063622	0.493342926	0.865292549	0.741430716	0.707387901	0.367205926	0.450693104	0.361974484	0.543419249	0.625099199	0.580264434	0.691896843	0.347680595	0.542803545	0.666885016	0.624812265	0.388302451	0.736434339	0.572217803	0.580374254	0.605776908	0.487449737	0.626145144	0.515275008	0.625157202	0.718673582	0.617196192	0.656233332	0.554539014	0.641663179	0.433072699	0.612804106	0.569475196	0.63865094	0.630241924	0.731836631	0.786060431	0.709772753
13414.6.hg	0.524779825	0.494893272	0.845048604	0.731664255	0.262145746	0.962181669	0.570928607	0.706490771	0.500983384	0.797249917	0.501108031	0.574509083	0.606868635	0.716620396	0.671337048	0.802182925	0.70345418	0.566275904	0.763297031	0.670658474	0.638002852	0.824148108	0.708629851	0.877843222	0.670395393	0.723154446	0.546642096	0.45114784	0.481528428	0.676762273	0.654086219	0.175573499	0.764917264	0.997883892	0.850407457	0.6249517	0.577519111	0	0.604235949	0.772319937	0.767656982	0.823363059	0.525221538	0.702415571	0.552047962	0.993216642	0.783245735	0.755129605	0.701810289	0.52872559	0.701323689	0.685602784	0.432686524	0.613546187	0.862504393	0.702954634	0.658794198	0.262454553	0.725101461	0.63185256	0.861914239	0.732291652	0.746603472	0.751485692	0.6109195	0.792108217	0.666044511	0.761574971	0.84847052	0.667880398	0.797981615	0.617255227	0.797895395	0.721312377	0.718016171	0.657725545	0.690609355	0.682770664	0.864180294	0.923273306	0.843988035
13414.51.hg	0.535614387	0.541785538	0.716688887	0.600537356	0.639654268	0.810817774	0.62550528	0.475223317	0.614028304	0.683503626	0.650230108	0.553720056	0.570225612	0.54799073	0.501650518	0.642932298	0.568111071	0.487502094	0.560577197	0.463786119	0.6007314	0.70051132	0.473408316	0.724492738	0.495102282	0.555562399	0.511568416	0.670924566	0.525456202	0.587175068	0.421682391	0.610992216	0.683508021	0.853647731	0.706628573	0.441735541	0.546907656	0.604235949	0	0.601101967	0.619124742	0.691103113	0.586359547	0.529936239	0.290500023	0.845022301	0.558493889	0.601502364	0.567904748	0.422582708	0.555415825	0.523657069	0.590900375	0.543285824	0.766078003	0.557482625	0.445359369	0.636902583	0.60236569	0.492369647	0.72475069	0.611552542	0.599982564	0.615313019	0.460107986	0.649602525	0.507442089	0.592068549	0.706899352	0.469152802	0.643845881	0.395666303	0.672459018	0.57374468	0.57807762	0.504633093	0.491120586	0.479336521	0.702470377	0.776206152	0.704912026
13414.7.hg	0.702723251	0.726389672	0.754549044	0.732363256	0.857126951	0.997032885	0.804815795	0.717800347	0.772934461	0.832640279	0.796354134	0.62079255	0.70663634	0.725441938	0.578527448	0.822302269	0.68345099	0.627290225	0.797932958	0.704021363	0.739572542	0.795248653	0.716274974	0.883993039	0.617059487	0.751483601	0.628187525	0.81815576	0.652302969	0.712303394	0.576809003	0.797933044	0.804212613	1.015717565	0.885280046	0.63487962	0.656083254	0.772319937	0.601101967	0	0.614095227	0.795894123	0.700845518	0.699590407	0.636465242	0.9672371	0.560424824	0.808442826	0.621798585	0.588648075	0.671517555	0.622124139	0.803783528	0.748006466	0.86853868	0.642244444	0.597775895	0.842473222	0.683867259	0.586694203	0.843666659	0.631009245	0.616493854	0.73218247	0.546365446	0.715006297	0.563206701	0.742876848	0.817679591	0.706717805	0.796695613	0.61967467	0.766915388	0.631438153	0.695418647	0.673883627	0.727804443	0.711776544	0.86875066	0.865594893	0.859607456
