	13414.26.midgut	13414.19.midgut	13414.1.midgut	13414.14.midgut	13414.21.midgut	13414.15.midgut	13414.10.midgut	13414.45.midgut	13414.34.midgut	13414.31.midgut	13414.41.midgut	13414.100.midg	13414.25.midgut	13414.17.midgut	13414.102.midg	13414.3.midgut	13414.46.midgut	13414.36.midgut	13414.28.midgut	13414.103.midg	13414.27.midgut	13414.39.midgut	13414.16.midgut	13414.11.midgut	13414.40.midgut	13414.18.midgut	13414.44.midgut	13414.49.midgut	13414.24.midgut	13414.32.midgut	13414.13.midgut	13414.33.midgut	13414.42.midgut	13414.47.midgut	13414.30.midgut	13414.29.midgut	13414.4.midgut	13414.67.midgut	13414.71.midgut	13414.61.midgut	13414.63.midgut	13414.80.midgut	13414.66.midgut	13414.51.midgut	13414.81.midgut	13414.7.midgut	13414.6.midgut	13414.86.midgut	13414.50.midgut	13414.52.midgut	13414.78.midgut	13414.68.midgut	13414.43.midgut	13414.73.midgut	13414.48.midgut	13414.55.midgut	13414.84.midgut	13414.70.midgut	13414.60.midgut	13414.54.midgut	13414.59.midgut	13414.75.midgut	13414.65.midgut	13414.69.midgut	13414.58.midgut	13414.72.midgut	13414.5.midgut	13414.62.midgut	13414.53.midgut	13414.85.midgut	13414.87.midgut	13414.8.midgut	13414.82.midgut	13414.9.midgut	13414.74.midgut	13414.77.midgut	13414.88.midgut	13414.99.midg	13414.83.midgut	13414.95.midg	13414.98.midg	13414.96.midg	13414.101.midg	13414.22.midgut	13414.2.midgut	13414.20.midgut	13414.37.midgut	13414.90.midg	13414.91.midg	13414.93.midg	13414.94.midg	13414.89.midg
13414.26.midgut	0	0.601444482	0.394568656	0.577856167	0.636570492	0.514843349	0.501071316	0.521464063	0.767793596	0.404847807	0.722004423	0.9138363	0.719963815	0.41426695	0.567181253	0.506218503	0.478632363	0.525313071	0.393385823	0.496104651	0.615138056	0.460079705	0.576824294	0.419642168	0.700290929	0.4130449	0.495106338	0.505882578	0.738769542	0.46604846	0.431666812	0.641173598	0.556586339	0.462927233	0.537484348	0.60864362	0.454134699	0.618086742	0.346065142	0.441014254	0.489439719	0.401376427	0.539725534	0.616870276	0.579229759	0.561160242	0.465784728	0.550570002	0.537351554	0.50736962	0.471391918	0.923277668	0.473614645	0.444284818	0.410877533	0.909341813	0.537848428	0.487313767	0.466781488	0.47590741	0.501654389	0.555766813	0.54549557	0.562617897	0.40788665	0.49597417	0.429457957	0.500484625	0.543141565	0.516268655	0.402582198	0.356921535	0.491695658	0.42695894	0.54543543	0.504649699	0.439969162	0.497069678	0.394799176	0.720338772	0.599298113	0.639986617	0.795470726	0.438636137	0.705832401	0.464121164	0.410927734	0.916028069	0.487442992	0.682497989	0.686754333	0.441474953
13414.19.midgut	0.601444482	0	0.671348603	0.669361458	0.284971735	0.717453544	0.83437088	0.720358309	0.871754997	0.590781316	0.685737427	1.03086507	0.693554997	0.72081035	0.898894508	0.296035814	0.712278799	0.64711432	0.7213888	0.781224231	0.762627209	0.788674568	0.668989168	0.59836539	0.911152669	0.763169552	0.698505111	0.847148746	1.038587766	0.620325553	0.704810761	0.751361254	0.761866684	0.68425287	0.526552167	0.780791319	0.726315432	0.721052798	0.612609476	0.736854336	0.748761592	0.680819069	0.716678872	0.79375169	0.735414186	0.672860307	0.798788702	0.762435489	0.869725774	0.687536622	0.721443321	1.025761372	0.724474233	0.752485063	0.538931834	1.010274642	0.748665675	0.635291634	0.710961895	0.742389076	0.832893816	0.718757285	0.728383903	0.687424652	0.717405537	0.708118712	0.740987934	0.685739132	0.880783494	0.71918416	0.454435284	0.680432406	0.779374112	0.737485274	0.744587635	0.811690811	0.724477745	0.635351888	0.677216182	0.93314343	0.930658965	0.85877195	0.92004707	0.625853091	0.854980681	0.606474986	0.677567524	1.016235333	0.692134836	0.806884855	0.766358399	0.708670386
13414.1.midgut	0.394568656	0.671348603	0	0.527928665	0.631743172	0.451413394	0.435589365	0.470281463	0.770012693	0.295741829	0.663085119	0.953933371	0.636408118	0.359850306	0.472028812	0.505312442	0.463140151	0.462438001	0.324171277	0.403621122	0.595983432	0.361424162	0.529071097	0.34949792	0.620433588	0.364613507	0.468514519	0.421441808	0.750456763	0.489337917	0.403239456	0.610440967	0.426937733	0.42646945	0.548494378	0.571974542	0.415288565	0.553879611	0.328046882	0.420380579	0.455628099	0.399364983	0.507345632	0.610411236	0.589486055	0.498351794	0.379779021	0.564187072	0.415612438	0.433428189	0.367921481	0.945619726	0.401160785	0.395206061	0.457653746	0.932394596	0.528465174	0.388430556	0.467977034	0.453450695	0.409652028	0.491748056	0.526223054	0.508516367	0.385635031	0.433250785	0.381406013	0.484218508	0.460221634	0.499725963	0.408037462	0.290843125	0.49130266	0.32288336	0.511313436	0.401177319	0.420665484	0.483296277	0.352917138	0.712340005	0.509639564	0.626604424	0.838737669	0.408651243	0.688344891	0.484471187	0.399895974	0.939362547	0.519076946	0.685207809	0.675205739	0.441688583
13414.14.midgut	0.577856167	0.669361458	0.527928665	0	0.647197736	0.259027629	0.618032859	0.259717079	0.772336151	0.455713387	0.435593711	0.989976865	0.521946168	0.445239951	0.707306105	0.570902742	0.433097429	0.531979121	0.538320087	0.569260632	0.532137159	0.609344901	0.425922988	0.570959247	0.687159521	0.609320855	0.359152059	0.657483018	0.852492316	0.498978777	0.414096563	0.439891903	0.686684752	0.445143234	0.554182887	0.536576981	0.590418861	0.390561266	0.503696821	0.554043124	0.464680297	0.552117131	0.436533533	0.677584793	0.615833247	0.314412544	0.591993535	0.526962827	0.662141327	0.329771062	0.427937084	0.982704294	0.33402009	0.534551009	0.549595853	0.968678818	0.465707096	0.44332623	0.559328797	0.568766346	0.591334709	0.382300415	0.459446816	0.367344144	0.525129096	0.394581473	0.538327392	0.461183039	0.655868637	0.433788548	0.513872665	0.559321642	0.573609777	0.508504103	0.431849421	0.539179116	0.592223538	0.577567365	0.468366569	0.836331638	0.737229323	0.64604172	0.851158448	0.566165196	0.606575507	0.614486771	0.483583057	0.969781658	0.59024004	0.658543284	0.743262233	0.587287647
13414.21.midgut	0.636570492	0.284971735	0.631743172	0.647197736	0	0.70138817	0.848342013	0.705903758	0.868514405	0.56265832	0.70658157	1.030567591	0.697616736	0.719361016	0.894099288	0.313322891	0.716304701	0.604631437	0.729119806	0.746539056	0.763503044	0.779236661	0.646517123	0.598750149	0.879085035	0.771969485	0.670190801	0.844086207	1.033856356	0.593422481	0.716418303	0.742344825	0.731232777	0.664928818	0.527246892	0.763846685	0.727456875	0.690782638	0.649365081	0.727358522	0.737697515	0.702387769	0.704813226	0.756264706	0.711978315	0.640367646	0.796847609	0.750593238	0.858830653	0.665968165	0.702727045	1.023177949	0.697227462	0.755782063	0.559300597	1.008468802	0.712795082	0.606351209	0.716715247	0.766933852	0.818095607	0.696989026	0.714531379	0.664966917	0.725643927	0.692081633	0.743073285	0.680770377	0.878778831	0.710368132	0.466224701	0.67524164	0.785769279	0.727983054	0.721700796	0.807454429	0.711764958	0.611806936	0.680634668	0.935882262	0.925656516	0.822511632	0.917986412	0.634248597	0.820470218	0.617902328	0.67306567	1.016178621	0.704465431	0.79045542	0.710176663	0.723752448
13414.15.midgut	0.514843349	0.717453544	0.451413394	0.259027629	0.70138817	0	0.539374863	0.205892665	0.759524934	0.416586296	0.518393352	0.9658427	0.594644675	0.388799713	0.628614651	0.589802753	0.372998835	0.507798755	0.461432457	0.503266381	0.541355048	0.526635273	0.46414571	0.493079264	0.655266089	0.524837726	0.323650168	0.574832624	0.819774731	0.474889609	0.377837103	0.500344436	0.607794775	0.39928298	0.582722262	0.534652776	0.540583009	0.383049137	0.433943542	0.507290664	0.38478428	0.497301801	0.396506086	0.6493751	0.594865257	0.392117403	0.507937923	0.4879083	0.578253022	0.339492823	0.368319521	0.959615816	0.265398237	0.478669731	0.502211827	0.944549777	0.439087717	0.460610787	0.529268271	0.52433553	0.493714518	0.361847348	0.423370132	0.357832827	0.462187512	0.411829228	0.449219737	0.414262933	0.573529201	0.397088355	0.464754962	0.478605796	0.5314556	0.443409069	0.400459151	0.483551742	0.547466398	0.531772977	0.417872035	0.773979747	0.658826084	0.629122527	0.831419217	0.505257595	0.599957862	0.562754365	0.431991032	0.94602885	0.562386991	0.650746558	0.722835742	0.547813472
13414.10.midgut	0.501071316	0.83437088	0.435589365	0.618032859	0.848342013	0.539374863	0	0.539866569	0.830323172	0.539163418	0.769494355	0.966415984	0.758734881	0.428624253	0.396109354	0.711788676	0.493441151	0.686007823	0.374035456	0.459782211	0.732867648	0.352766938	0.655103031	0.465280318	0.680708098	0.380536091	0.597753099	0.33791488	0.704273847	0.64283802	0.448383665	0.706584821	0.516393895	0.570604203	0.722130227	0.682813723	0.434418279	0.640814551	0.46287269	0.454703257	0.496121563	0.443575027	0.563268583	0.748211654	0.693042548	0.617159603	0.354385928	0.610354641	0.357800526	0.546117768	0.490252006	0.961377635	0.497421787	0.394008099	0.618735346	0.94522156	0.612520327	0.581389625	0.48063984	0.431381702	0.328696182	0.583050445	0.554845374	0.613430435	0.43861816	0.535231596	0.419915408	0.566765703	0.348574393	0.539435488	0.609316525	0.344997408	0.419566178	0.366734681	0.576512582	0.45944915	0.457040849	0.647709106	0.469953675	0.730302691	0.427454514	0.625994804	0.854066041	0.562630296	0.713964714	0.617568547	0.494369035	0.947051677	0.544537498	0.703143877	0.74854648	0.479078598
13414.45.midgut	0.521464063	0.720358309	0.470281463	0.259717079	0.705903758	0.205892665	0.539866569	0	0.739582566	0.422450356	0.507368414	0.953471476	0.595513469	0.386519509	0.637166964	0.599475194	0.345911622	0.51173037	0.475976353	0.480131853	0.530454808	0.542654513	0.470764683	0.518893403	0.650104897	0.542761784	0.29463687	0.586568351	0.801688054	0.44314141	0.363232929	0.488122851	0.627291163	0.385436177	0.592541809	0.517117439	0.537394111	0.377029208	0.439114666	0.504309674	0.363200325	0.497407002	0.345461403	0.627520702	0.582996606	0.409270029	0.525970376	0.47427004	0.591573994	0.334784307	0.389581882	0.947165646	0.278291285	0.477591044	0.507960933	0.932107143	0.406331577	0.487739815	0.503947982	0.520989894	0.504231953	0.317679114	0.378649965	0.323168093	0.443335412	0.421045824	0.481443357	0.369924446	0.587175658	0.349785668	0.494640989	0.488743525	0.514007151	0.448661066	0.342708407	0.461247491	0.541186213	0.520593316	0.419673561	0.784110053	0.668440547	0.584552397	0.809974428	0.491410366	0.539998208	0.550840837	0.442590693	0.934747852	0.535491784	0.606988859	0.693913017	0.535110106
13414.34.midgut	0.767793596	0.871754997	0.770012693	0.772336151	0.868514405	0.759524934	0.830323172	0.739582566	0	0.741945213	0.798454377	0.362931345	0.795183191	0.716989927	0.893761366	0.833817461	0.731925151	0.808373747	0.796426749	0.779913945	0.815007275	0.822810473	0.714080101	0.855576971	0.885427638	0.785532178	0.743764421	0.784534365	1.039658021	0.745354697	0.731833961	0.797826655	0.841083497	0.74108678	0.683795749	0.816720539	0.774617055	0.764509687	0.741313855	0.75794782	0.733381536	0.743613475	0.69557665	0.88349384	0.698059127	0.763329876	0.796311316	0.600717656	0.864513915	0.745070885	0.743650471	0.368583052	0.734746628	0.762466759	0.660428725	0.45079221	0.604878998	0.83458446	0.722789062	0.780084071	0.829613062	0.717373377	0.691248323	0.71877503	0.758634811	0.72776473	0.794095742	0.702561189	0.864471175	0.693950312	0.769787234	0.782951259	0.778142072	0.755176051	0.714181783	0.7892224	0.776080558	0.731019291	0.719676854	0.605533238	0.923936139	0.819671884	0.292016933	0.803503549	0.827378651	0.714973396	0.707873988	0.356019361	0.672590916	0.778521839	0.845666383	0.712692725
13414.31.midgut	0.404847807	0.590781316	0.295741829	0.455713387	0.56265832	0.416586296	0.539163418	0.422450356	0.741945213	0	0.600642988	0.939523135	0.577475981	0.383750542	0.612292344	0.451077463	0.43212436	0.383975749	0.428183603	0.480587531	0.588685129	0.488464132	0.454668235	0.404614675	0.608913184	0.453534711	0.392601845	0.533845714	0.761058559	0.428466694	0.389263984	0.551720961	0.598952688	0.403242424	0.464865357	0.551416709	0.44682478	0.485147107	0.320947985	0.420035923	0.445177787	0.380692132	0.47223348	0.573835784	0.56052732	0.432293948	0.466260019	0.527226913	0.554404301	0.414703495	0.349122961	0.929971556	0.38421319	0.384162444	0.422997245	0.918687024	0.489817744	0.357684123	0.464463037	0.456537865	0.525219035	0.430716144	0.488060301	0.425143109	0.407712068	0.384248287	0.426872843	0.439734588	0.576031065	0.458167366	0.360146439	0.39293907	0.483129526	0.42056067	0.466414353	0.482378825	0.415642145	0.475208811	0.361328032	0.777325992	0.642753032	0.585472544	0.809098984	0.4533773	0.641335701	0.489883563	0.396810427	0.919839458	0.483679813	0.640142422	0.650681697	0.438105161
13414.41.midgut	0.722004423	0.685737427	0.663085119	0.435593711	0.70658157	0.518393352	0.769494355	0.507368414	0.798454377	0.600642988	0	1.048353692	0.404838819	0.610260384	0.828527718	0.695851811	0.621415156	0.615536438	0.686459476	0.679039272	0.666579027	0.753244345	0.446790225	0.724723489	0.782507407	0.75451209	0.581841571	0.792725191	0.976006167	0.625153246	0.58377769	0.468212086	0.820724018	0.638790881	0.66802845	0.679894474	0.714428825	0.536151862	0.650503973	0.69413064	0.653620903	0.693132076	0.605620719	0.731039681	0.740369446	0.432901902	0.727554157	0.705962986	0.796399944	0.448704714	0.586624406	1.048991798	0.554849394	0.671820202	0.709914841	1.027638495	0.591156903	0.568298525	0.683999698	0.683478372	0.76080229	0.552492183	0.616026095	0.500368716	0.682813293	0.517464274	0.699781522	0.635774994	0.795069653	0.616056654	0.659533678	0.717093678	0.709978519	0.659166454	0.594852764	0.703987003	0.70478143	0.699372277	0.618812053	0.939326747	0.858470262	0.74860534	0.908789753	0.724633259	0.687834793	0.745934394	0.663479436	1.030957406	0.732217981	0.737940541	0.801793978	0.691472945
13414.100.midg	0.9138363	1.03086507	0.953933371	0.989976865	1.030567591	0.9658427	0.966415984	0.953471476	0.362931345	0.939523135	1.048353692	0	1.038290627	0.908535096	0.946618031	0.976841122	0.942301088	1.006850073	0.966639217	0.877232956	0.988293987	0.970663071	0.957083578	1.026522812	1.03238089	0.887159959	0.950950855	0.871541887	1.123766139	0.931317897	0.934142138	1.021209001	0.990265458	0.942068295	0.847479539	0.991948735	0.870149724	0.988926125	0.917110865	0.909923436	0.9166914	0.895282143	0.898932905	1.008872704	0.851650919	1.002891898	0.902717904	0.776469611	0.965851581	0.996720036	0.965554105	0.204076502	0.949908448	0.922742319	0.843399781	0.268461994	0.802719106	1.011966993	0.826326783	0.915958802	0.96487629	0.945023405	0.886694314	0.956644869	0.906658215	0.971094366	0.919270909	0.907491782	0.987533318	0.894752527	0.948249576	0.959661759	0.899867804	0.955145215	0.926715996	0.970288219	0.893029212	0.905340657	0.917505005	0.472785161	0.981090412	0.934700976	0.203413397	0.995166854	0.959577392	0.858794091	0.88998466	0.198630174	0.768333102	0.905765423	0.943744926	0.836621768
13414.25.midgut	0.719963815	0.693554997	0.636408118	0.521946168	0.697616736	0.594644675	0.758734881	0.595513469	0.795183191	0.577475981	0.404838819	1.038290627	0	0.630181862	0.797630578	0.692236173	0.634514985	0.566022558	0.716896828	0.643430404	0.763415072	0.738426133	0.41714189	0.71964985	0.724396296	0.728652014	0.609995228	0.765303317	0.950894749	0.656838028	0.603582397	0.571903633	0.810075352	0.653426401	0.67715672	0.77529675	0.686350199	0.543415525	0.639341267	0.676822491	0.658116879	0.667644299	0.630962826	0.654038706	0.737536679	0.421434989	0.700651654	0.718650423	0.768162199	0.47919624	0.5884801	1.044717604	0.587419995	0.645039409	0.730439583	1.018640661	0.594243088	0.52174559	0.663281581	0.65205587	0.745482598	0.584102094	0.635796137	0.538261865	0.674621979	0.51359357	0.718340411	0.650939911	0.778570441	0.641384545	0.666573324	0.704455542	0.702388212	0.637760018	0.615184675	0.706421771	0.673520018	0.69147964	0.621906631	0.938833399	0.828525773	0.690228696	0.902775384	0.760838392	0.701599847	0.756508707	0.655705827	1.023489378	0.708997541	0.766322112	0.65418837	0.658479118
13414.17.midgut	0.41426695	0.72081035	0.359850306	0.445239951	0.719361016	0.388799713	0.428624253	0.386519509	0.716989927	0.383750542	0.610260384	0.908535096	0.630181862	0	0.477331755	0.506114782	0.402345171	0.539004395	0.338662867	0.45985057	0.562864623	0.391562388	0.509005987	0.445721964	0.565034529	0.301844078	0.441228692	0.422161743	0.672430664	0.503733967	0.270203065	0.564020704	0.5215752	0.413559074	0.611218141	0.54824906	0.260354698	0.52060177	0.335667833	0.308567368	0.387942752	0.361563947	0.4364048	0.621563005	0.582405385	0.457359413	0.243758953	0.489578129	0.428446726	0.391329239	0.369377843	0.902883645	0.345781153	0.319605706	0.482344453	0.888669524	0.464753798	0.455792956	0.416534206	0.344986094	0.395418031	0.438640718	0.448221231	0.454907936	0.37652463	0.391256609	0.295747947	0.447908525	0.439886033	0.415961233	0.481669389	0.371011836	0.346203591	0.361697902	0.439451193	0.396401926	0.350573378	0.527326189	0.245142395	0.729896943	0.505361474	0.564936127	0.780282704	0.49453289	0.615010962	0.534848777	0.406682768	0.890205617	0.453405757	0.622524524	0.669242379	0.360046648
13414.102.midg	0.567181253	0.898894508	0.472028812	0.707306105	0.894099288	0.628614651	0.396109354	0.637166964	0.893761366	0.612292344	0.828527718	0.946618031	0.797630578	0.477331755	0	0.738941575	0.635343046	0.74716539	0.365341378	0.460571932	0.77894462	0.221359397	0.724261768	0.474687558	0.71794294	0.410421448	0.701565183	0.301945572	0.679699084	0.714637457	0.540869426	0.76278421	0.511841887	0.647063258	0.787530686	0.751125719	0.42146196	0.736400402	0.545683106	0.484663283	0.578538261	0.521177634	0.64492936	0.774192364	0.750458266	0.69544657	0.340850112	0.69768878	0.21746171	0.62008518	0.574786293	0.949886558	0.585592855	0.474577355	0.693750159	0.927477182	0.695196309	0.624609892	0.506817271	0.471102036	0.241920165	0.672044696	0.634062516	0.703447082	0.516051528	0.603253883	0.447064775	0.653746842	0.209357309	0.626865355	0.664226173	0.368914143	0.469339491	0.408989562	0.663110469	0.509863294	0.500056701	0.696044448	0.526386345	0.708317634	0.076734793	0.664069822	0.866448081	0.628097089	0.747222583	0.655816424	0.577190113	0.937228783	0.569523771	0.73973129	0.760859187	0.516735131
13414.3.midgut	0.506218503	0.296035814	0.505312442	0.570902742	0.313322891	0.589802753	0.711788676	0.599475194	0.833817461	0.451077463	0.695851811	0.976841122	0.692236173	0.506114782	0.738941575	0	0.609882879	0.543137451	0.596392743	0.64645183	0.671971897	0.63705912	0.586715606	0.443198943	0.780296411	0.549572742	0.601700967	0.696248357	0.897152234	0.55379684	0.558811856	0.657076605	0.608635411	0.549700926	0.469935292	0.690503113	0.494711166	0.626586034	0.497807677	0.565741809	0.599555368	0.552573841	0.609246365	0.709794705	0.643904005	0.586570864	0.568357535	0.637342483	0.710728783	0.561316685	0.601716464	0.970195274	0.596029998	0.602426665	0.467797553	0.955788159	0.648468548	0.506613111	0.592372203	0.569882464	0.675958979	0.608922398	0.622633542	0.600958543	0.582856259	0.569676122	0.545574858	0.572660768	0.731872253	0.604068276	0.340821012	0.532330516	0.612664356	0.604415947	0.629255508	0.67109857	0.571200508	0.563003156	0.518159683	0.834310082	0.770334859	0.770439128	0.881812234	0.503090516	0.785925379	0.531864624	0.57027089	0.960887926	0.537264796	0.758126978	0.689429411	0.56245953
13414.46.midgut	0.478632363	0.712278799	0.463140151	0.433097429	0.716304701	0.372998835	0.493441151	0.345911622	0.731925151	0.43212436	0.621415156	0.942301088	0.634514985	0.402345171	0.635343046	0.609882879	0	0.525531851	0.476727468	0.530251379	0.603738364	0.531403732	0.499221266	0.552887096	0.650345053	0.520633108	0.361820542	0.579069842	0.76751561	0.489280825	0.367675416	0.571934331	0.630624346	0.366726454	0.607515003	0.604105572	0.487615994	0.423366927	0.411737343	0.468514582	0.368177709	0.435624268	0.389747872	0.663378399	0.5774568	0.484945187	0.517427069	0.481084715	0.590165633	0.449962739	0.425010917	0.939571571	0.344049367	0.437396277	0.517116284	0.922110092	0.452877221	0.52882045	0.475145448	0.452981136	0.512050267	0.380637216	0.399533194	0.399768262	0.444003986	0.435875362	0.502447753	0.39449161	0.595129412	0.389445665	0.532697583	0.472968438	0.464994638	0.457355269	0.383447212	0.511923419	0.482246213	0.566096248	0.404588634	0.806155098	0.664044546	0.592423776	0.80724271	0.571939664	0.633901733	0.590678332	0.448172915	0.924436084	0.527974499	0.631636792	0.696786393	0.48112539
13414.36.midgut	0.525313071	0.64711432	0.462438001	0.531979121	0.604631437	0.507798755	0.686007823	0.51173037	0.808373747	0.383975749	0.615536438	1.006850073	0.566022558	0.539004395	0.74716539	0.543137451	0.525531851	0	0.581484573	0.561019233	0.667800063	0.618447176	0.438117833	0.502268132	0.602811362	0.622691406	0.451891986	0.690859338	0.875128871	0.493121357	0.520733406	0.612016504	0.704865617	0.484851434	0.538812802	0.626799009	0.580878216	0.515873065	0.503550793	0.572030133	0.57082177	0.56108053	0.554297886	0.558687136	0.619733874	0.474316971	0.633933556	0.627778669	0.702260917	0.501901551	0.499508252	0.999679864	0.483145745	0.56010464	0.530905328	0.985681356	0.526027967	0.483125114	0.576872193	0.608415552	0.653793687	0.510104853	0.569830397	0.485923602	0.552809739	0.511510765	0.58929573	0.533925558	0.710990369	0.559028602	0.491450666	0.513316617	0.62892954	0.550041539	0.540098941	0.625553055	0.572818183	0.538188657	0.505977167	0.8838323	0.777924456	0.557361564	0.872302568	0.569656464	0.670060732	0.577686324	0.531953282	0.990805897	0.629400342	0.718319375	0.638420844	0.60037502
13414.28.midgut	0.393385823	0.7213888	0.324171277	0.538320087	0.729119806	0.461432457	0.374035456	0.475976353	0.796426749	0.428183603	0.686459476	0.966639217	0.716896828	0.338662867	0.365341378	0.596392743	0.476727468	0.581484573	0	0.434391912	0.604168364	0.222698725	0.599600868	0.318188101	0.675982125	0.353659731	0.50324613	0.339676504	0.73756665	0.507669687	0.401722852	0.624172383	0.401287072	0.48389044	0.624443415	0.56048737	0.415128491	0.607844508	0.364070968	0.403551138	0.469900529	0.397935882	0.525395723	0.617695691	0.618410973	0.547554344	0.369565481	0.580174213	0.319067245	0.465947931	0.42737916	0.957891559	0.435706431	0.399086145	0.496267719	0.945804306	0.559729562	0.468579474	0.470375162	0.452098527	0.2983206	0.537070551	0.531558119	0.537718197	0.387144018	0.482842157	0.34315373	0.491478932	0.34183881	0.498588317	0.482813056	0.22289201	0.459298826	0.276029127	0.536750638	0.397973683	0.428246252	0.550179874	0.368309233	0.722589637	0.368687108	0.649760611	0.852351487	0.435107163	0.679197065	0.52649823	0.431311622	0.949718687	0.526520844	0.688385134	0.726625411	0.460386748
13414.103.midg	0.496104651	0.781224231	0.403621122	0.569260632	0.746539056	0.503266381	0.459782211	0.480131853	0.779913945	0.480587531	0.679039272	0.877232956	0.643430404	0.45985057	0.460571932	0.64645183	0.530251379	0.561019233	0.434391912	0	0.663425023	0.442282818	0.543891582	0.523227428	0.626679722	0.419622163	0.53080724	0.443011271	0.73662495	0.525477041	0.48364747	0.661568241	0.536226768	0.525009295	0.666617208	0.614026882	0.462078135	0.586299643	0.480730001	0.48637721	0.500688236	0.483997427	0.519183352	0.618219114	0.610212752	0.507353947	0.427730565	0.574695268	0.472475383	0.469238949	0.458307363	0.879144419	0.478512513	0.471988426	0.56097968	0.862692466	0.507277239	0.485258645	0.33015134	0.542170046	0.459630615	0.536374247	0.531115009	0.52378024	0.277654012	0.546167095	0.464561482	0.507078351	0.491533292	0.492139676	0.549214322	0.439493142	0.502412824	0.414029958	0.509415335	0.393638205	0.465883684	0.476202334	0.479459927	0.633964144	0.496776348	0.523807538	0.730507353	0.46120197	0.46933229	0.433478432	0.388012091	0.863579243	0.438076932	0.535126944	0.553710158	0.484116926
13414.27.midgut	0.615138056	0.762627209	0.595983432	0.532137159	0.763503044	0.541355048	0.732867648	0.530454808	0.815007275	0.588685129	0.666579027	0.988293987	0.763415072	0.562864623	0.77894462	0.671971897	0.603738364	0.667800063	0.604168364	0.663425023	0	0.678812512	0.647618763	0.677505347	0.777069489	0.665947385	0.588362231	0.725468666	0.935089464	0.571144934	0.561285606	0.52736584	0.671140764	0.56248488	0.668034107	0.292913259	0.633680335	0.663801381	0.590388318	0.634656447	0.616843502	0.606059281	0.569960897	0.710220065	0.682028515	0.62982072	0.674912153	0.654799053	0.738814324	0.612103017	0.62472161	0.984913669	0.58122412	0.640216859	0.591942989	0.967531535	0.603571401	0.684678891	0.628721032	0.633205689	0.716779601	0.585660404	0.591531296	0.584037349	0.639778262	0.631218635	0.595117471	0.580459379	0.753965917	0.576120246	0.603197635	0.635385189	0.672703858	0.640420453	0.598239588	0.662132613	0.65367656	0.668903473	0.57046522	0.852421037	0.812380635	0.749018768	0.876479165	0.610794869	0.702589555	0.632196727	0.577680997	0.973093244	0.630157813	0.699877435	0.775459895	0.632506169
13414.39.midgut	0.460079705	0.788674568	0.361424162	0.609344901	0.779236661	0.526635273	0.352766938	0.542654513	0.822810473	0.488464132	0.753244345	0.970663071	0.738426133	0.391562388	0.221359397	0.63705912	0.531403732	0.618447176	0.222698725	0.442282818	0.678812512	0	0.63548775	0.349634648	0.666938083	0.343202543	0.577631826	0.307948129	0.702556743	0.594810638	0.456888651	0.69807178	0.408723393	0.527445523	0.669835787	0.632496742	0.38904184	0.641862167	0.42929509	0.397406133	0.502085192	0.436583338	0.556926245	0.673281583	0.643805557	0.606955602	0.345286741	0.609290163	0.223173005	0.521055819	0.476070191	0.963111891	0.493802961	0.41586968	0.570112467	0.949733825	0.603443087	0.517965439	0.478669294	0.445926463	0.171580688	0.577708107	0.552806103	0.598554563	0.42491236	0.522170152	0.358230366	0.534840689	0.2130597	0.530142156	0.543542958	0.243425103	0.440583689	0.315130628	0.571095763	0.422532804	0.437029732	0.598981523	0.427225287	0.727130717	0.222085693	0.641686549	0.864384072	0.502917211	0.726865248	0.556937211	0.471972793	0.954648825	0.547017173	0.716162402	0.738756421	0.485824282
13414.16.midgut	0.576824294	0.668989168	0.529071097	0.425922988	0.646517123	0.46414571	0.655103031	0.470764683	0.714080101	0.454668235	0.446790225	0.957083578	0.41714189	0.509005987	0.724261768	0.586715606	0.499221266	0.438117833	0.599600868	0.543891582	0.647618763	0.63548775	0	0.603190297	0.635639909	0.607593307	0.454480746	0.661381648	0.867124259	0.515180961	0.462721283	0.466541508	0.695004842	0.513034036	0.553649212	0.64525087	0.58076438	0.441628523	0.501918313	0.557023808	0.54309513	0.532637925	0.515409046	0.654706453	0.610881475	0.350829505	0.605592249	0.567690962	0.680700234	0.383495339	0.460498866	0.950481201	0.46053666	0.534955198	0.575807922	0.935227729	0.446861008	0.447836752	0.561807756	0.557797489	0.638934619	0.462185798	0.53407335	0.424576692	0.541646536	0.408304704	0.611432714	0.531990164	0.682408414	0.521772004	0.530505917	0.593491081	0.592791205	0.522567459	0.50095411	0.59948482	0.570224493	0.53446866	0.488066244	0.827784117	0.753229094	0.616064388	0.811843122	0.639610253	0.632100979	0.603604659	0.510873907	0.936784367	0.553663837	0.675095408	0.637762391	0.51789366
13414.11.midgut	0.419642168	0.59836539	0.34949792	0.570959247	0.598750149	0.493079264	0.465280318	0.518893403	0.855576971	0.404614675	0.724723489	1.026522812	0.71964985	0.445721964	0.474687558	0.443198943	0.552887096	0.502268132	0.318188101	0.523227428	0.677505347	0.349634648	0.603190297	0	0.761293987	0.414284959	0.548576093	0.37501559	0.834119246	0.574312737	0.479887003	0.679068028	0.471175315	0.506097678	0.555243011	0.663338874	0.51593375	0.621960547	0.416565874	0.512893433	0.531387488	0.504258058	0.576535382	0.684903721	0.681811831	0.575347288	0.452607653	0.643521888	0.370547101	0.478347545	0.440310706	1.019986687	0.471425175	0.510982409	0.485146197	1.005090023	0.61810995	0.46691793	0.543517113	0.543624784	0.358171055	0.569082762	0.595210068	0.578293349	0.493151071	0.500589607	0.432750096	0.549250314	0.350108006	0.576443398	0.393129024	0.239527704	0.571694871	0.312672695	0.609437741	0.508790729	0.539128163	0.555966394	0.4421631	0.790339583	0.506181153	0.738735987	0.922883053	0.433448753	0.782917268	0.53261556	0.519969438	1.009561469	0.601515984	0.769259853	0.779075875	0.558637575
13414.40.midgut	0.700290929	0.911152669	0.620433588	0.687159521	0.879085035	0.655266089	0.680708098	0.650104897	0.885427638	0.608913184	0.782507407	1.03238089	0.724396296	0.565034529	0.71794294	0.780296411	0.650345053	0.602811362	0.675982125	0.626679722	0.777069489	0.666938083	0.635639909	0.761293987	0	0.629969713	0.572014346	0.679436215	0.883689813	0.6792004	0.586430552	0.73690063	0.781888455	0.647451546	0.79639333	0.721126558	0.578295435	0.698853807	0.638838482	0.609421096	0.650935979	0.618635155	0.647010085	0.671869566	0.738405751	0.639076647	0.585050768	0.698712356	0.6835858	0.676828048	0.64094963	1.029528976	0.62152609	0.544581117	0.742620999	1.011063098	0.664037541	0.660942298	0.617227065	0.613379519	0.668374533	0.633884879	0.64203252	0.659951389	0.601789017	0.643486675	0.622332977	0.661106355	0.694695554	0.62494028	0.73939305	0.675092797	0.621033846	0.661789812	0.614771238	0.645131893	0.604188092	0.70240061	0.614324171	0.906378957	0.749581109	0.508363424	0.910548931	0.775014446	0.737671913	0.729610663	0.613050986	1.016402891	0.664571028	0.76296225	0.726113163	0.617280808
13414.18.midgut	0.4130449	0.763169552	0.364613507	0.609320855	0.771969485	0.524837726	0.380536091	0.542761784	0.785532178	0.453534711	0.75451209	0.887159959	0.728652014	0.301844078	0.410421448	0.549572742	0.520633108	0.622691406	0.353659731	0.419622163	0.665947385	0.343202543	0.607593307	0.414284959	0.629969713	0	0.553674707	0.270352818	0.671795386	0.581779943	0.39910226	0.698689414	0.514796792	0.519073967	0.641647356	0.622521025	0.273620364	0.641198335	0.348335616	0.333364955	0.494389104	0.370088165	0.555751723	0.676782479	0.615161149	0.597771663	0.164679531	0.545004274	0.317580727	0.520932204	0.42277481	0.893135889	0.490020145	0.336381424	0.536574133	0.881710043	0.575767977	0.485294585	0.420963512	0.373529609	0.346714442	0.581337988	0.555319213	0.595870759	0.360052045	0.506326312	0.257290978	0.529271559	0.340087041	0.520765618	0.512616433	0.357268093	0.362087544	0.376346204	0.567712695	0.432256761	0.351819929	0.581590604	0.349533917	0.654178104	0.444192805	0.598824381	0.774529786	0.512270562	0.701161482	0.537732389	0.432079098	0.88651323	0.433199217	0.672583985	0.687381902	0.375868608
13414.44.midgut	0.495106338	0.698505111	0.468514519	0.359152059	0.670190801	0.323650168	0.597753099	0.29463687	0.743764421	0.392601845	0.581841571	0.950950855	0.609995228	0.441228692	0.701565183	0.601700967	0.361820542	0.451891986	0.50324613	0.53080724	0.588362231	0.577631826	0.454480746	0.548576093	0.572014346	0.553674707	0	0.627413452	0.831355894	0.431275518	0.403505797	0.535072866	0.673636615	0.383225366	0.569552086	0.555125256	0.550768926	0.411240105	0.44436969	0.520365997	0.422685043	0.514558113	0.413815611	0.623981201	0.564131585	0.423070827	0.584188736	0.486618239	0.654050357	0.413296779	0.417011258	0.952559912	0.325697471	0.5031312	0.497886202	0.939627199	0.416425515	0.483733533	0.517349714	0.556432189	0.570782831	0.358685177	0.434439448	0.365520326	0.477555605	0.452127794	0.52674377	0.406145323	0.648726645	0.416125392	0.505754473	0.511173548	0.546170582	0.488734865	0.389199647	0.54749273	0.527599642	0.531888768	0.440655017	0.807184775	0.731431264	0.571211409	0.809805336	0.54464368	0.599345995	0.577877775	0.445948217	0.942006958	0.559604199	0.643246146	0.690280459	0.547232289
13414.49.midgut	0.505882578	0.847148746	0.421441808	0.657483018	0.844086207	0.574832624	0.33791488	0.586568351	0.784534365	0.533845714	0.792725191	0.871541887	0.765303317	0.422161743	0.301945572	0.696248357	0.579069842	0.690859338	0.339676504	0.443011271	0.725468666	0.307948129	0.661381648	0.37501559	0.679436215	0.270352818	0.627413452	0	0.672963938	0.655512848	0.492267851	0.728562922	0.473723552	0.583733149	0.69146067	0.691961627	0.376553532	0.686967175	0.470445204	0.439586195	0.52662818	0.467860798	0.589006346	0.731869062	0.647643732	0.648837776	0.258049889	0.613944989	0.170668839	0.574062329	0.476402959	0.869759687	0.533829885	0.405642206	0.579586924	0.860869461	0.592272726	0.566017318	0.459043697	0.444646834	0.287875813	0.62466161	0.583769546	0.653501948	0.465759862	0.557461581	0.366388092	0.593089436	0.228131224	0.571174033	0.602608651	0.340390216	0.431766819	0.350192906	0.616524886	0.472197942	0.453272881	0.64334729	0.463922843	0.67061137	0.336542958	0.622250124	0.780770737	0.574664122	0.724445175	0.608686267	0.518795052	0.862468883	0.530718603	0.704804655	0.731794838	0.469694331
13414.24.midgut	0.738769542	1.038587766	0.750456763	0.852492316	1.033856356	0.819774731	0.704273847	0.801688054	1.039658021	0.761058559	0.976006167	1.123766139	0.950894749	0.672430664	0.679699084	0.897152234	0.76751561	0.875128871	0.73756665	0.73662495	0.935089464	0.702556743	0.867124259	0.834119246	0.883689813	0.671795386	0.831355894	0.672963938	0	0.844139015	0.699578608	0.91121887	0.871144236	0.763502544	0.930191963	0.90753301	0.602120846	0.867346271	0.729878472	0.657534957	0.750039899	0.687458918	0.790297815	0.924839427	0.896228889	0.84448466	0.610331257	0.846466671	0.691267608	0.813183936	0.773555904	1.119147001	0.767466212	0.663214051	0.86537479	1.10324379	0.835108207	0.849133657	0.59785889	0.66304243	0.699227512	0.810115921	0.776740022	0.834774477	0.732830321	0.700470203	0.672832239	0.780088283	0.699508925	0.765670355	0.853335491	0.731593194	0.635037069	0.740546942	0.798746815	0.771329303	0.653262452	0.879976612	0.70338576	0.984546787	0.709948325	0.80835235	1.023773323	0.876034621	0.893047405	0.854912269	0.757602993	1.10918581	0.731401016	0.884825776	0.913292682	0.672446548
13414.32.midgut	0.46604846	0.620325553	0.489337917	0.498978777	0.593422481	0.474889609	0.64283802	0.44314141	0.745354697	0.428466694	0.625153246	0.931317897	0.656838028	0.503733967	0.714637457	0.55379684	0.489280825	0.493121357	0.507669687	0.525477041	0.571144934	0.594810638	0.515180961	0.574312737	0.6792004	0.581779943	0.431275518	0.655512848	0.844139015	0	0.491197657	0.590366898	0.652118546	0.465067491	0.556313674	0.545373506	0.542055314	0.551508821	0.469349474	0.533052686	0.528755695	0.507287766	0.486859473	0.536174958	0.541606422	0.539346398	0.603495197	0.557660754	0.681093811	0.526859008	0.51294224	0.926701745	0.506733967	0.550885644	0.447418643	0.909987946	0.478177952	0.517610247	0.506116889	0.604215954	0.620343493	0.49261994	0.489814484	0.441631693	0.499496433	0.571012605	0.528063812	0.456576181	0.688311915	0.465216044	0.45205475	0.510917437	0.574117686	0.561115632	0.470201125	0.569421491	0.508443172	0.488827909	0.498626068	0.801663558	0.741354388	0.60870228	0.77768514	0.466711654	0.522012425	0.496843648	0.405025711	0.9123023	0.529885575	0.604575892	0.608561496	0.499924746
13414.13.midgut	0.431666812	0.704810761	0.403239456	0.414096563	0.716418303	0.377837103	0.448383665	0.363232929	0.731833961	0.389263984	0.58377769	0.934142138	0.603582397	0.270203065	0.540869426	0.558811856	0.367675416	0.520733406	0.401722852	0.48364747	0.561285606	0.456888651	0.462721283	0.479887003	0.586430552	0.39910226	0.403505797	0.492267851	0.699578608	0.491197657	0	0.547348735	0.567967423	0.418405553	0.603970162	0.579677753	0.382342538	0.490091482	0.288854385	0.313790939	0.417630271	0.294774813	0.438013404	0.624567893	0.582880671	0.428600857	0.385231838	0.476215598	0.497803816	0.381672272	0.390707743	0.928562933	0.337095541	0.276553166	0.512041732	0.912591748	0.451238723	0.482262949	0.441644954	0.207615112	0.455805686	0.413529662	0.455130456	0.426126727	0.333796759	0.363547433	0.385139076	0.454116387	0.493831928	0.42803865	0.495631396	0.428173297	0.320903577	0.407561031	0.423893715	0.43373846	0.336710476	0.545894809	0.263144383	0.780406991	0.5691713	0.564592115	0.793183735	0.528346309	0.600710312	0.580314587	0.438028243	0.913243101	0.410623352	0.632522707	0.668158085	0.337167861
13414.33.midgut	0.641173598	0.751361254	0.610440967	0.439891903	0.742344825	0.500344436	0.706584821	0.488122851	0.797826655	0.551720961	0.468212086	1.021209001	0.571903633	0.564020704	0.76278421	0.657076605	0.571934331	0.612016504	0.624172383	0.661568241	0.52736584	0.69807178	0.466541508	0.679068028	0.73690063	0.698689414	0.535072866	0.728562922	0.91121887	0.590366898	0.547348735	0	0.760142996	0.591761754	0.661563196	0.535993449	0.653490954	0.546860983	0.598957307	0.633997815	0.599401277	0.625395002	0.572722299	0.70957564	0.723962316	0.486257064	0.669526641	0.663443977	0.733136419	0.475990943	0.563424903	1.028073688	0.527571758	0.599529768	0.667111717	1.001457765	0.581133279	0.5886564	0.627565147	0.612847882	0.705582751	0.534741207	0.582153362	0.511920664	0.633610044	0.496025411	0.64136241	0.596832758	0.732446754	0.576637361	0.619937037	0.667476657	0.645048484	0.611496262	0.561498024	0.655464007	0.635234284	0.697255686	0.574172443	0.897714309	0.795211672	0.707595424	0.907979317	0.680550925	0.692602637	0.712721304	0.608024722	1.008823293	0.663348169	0.721421836	0.799289512	0.630548746
13414.42.midgut	0.556586339	0.761866684	0.426937733	0.686684752	0.731232777	0.607794775	0.516393895	0.627291163	0.841083497	0.598952688	0.820724018	0.990265458	0.810075352	0.5215752	0.511841887	0.608635411	0.630624346	0.704865617	0.401287072	0.536226768	0.671140764	0.408723393	0.695004842	0.471175315	0.781888455	0.514796792	0.673636615	0.473723552	0.871144236	0.652118546	0.567967423	0.760142996	0	0.584835012	0.721219159	0.698126967	0.565987342	0.736030976	0.554318252	0.560943371	0.591756138	0.560413801	0.635203031	0.789790406	0.705834846	0.67556958	0.518599141	0.639855462	0.480171773	0.60028794	0.572210563	0.987334111	0.570530879	0.566232956	0.596530131	0.969840154	0.661275679	0.63664166	0.575987767	0.607283415	0.466067073	0.657885256	0.638408099	0.676841066	0.532454959	0.610748043	0.513649754	0.636097101	0.50090896	0.619061059	0.57022155	0.430212582	0.610532177	0.451502457	0.662765479	0.504634351	0.591441758	0.656908876	0.532358295	0.747848748	0.518286209	0.762619452	0.89483535	0.559879934	0.794022184	0.603819309	0.537390393	0.977687579	0.575024768	0.780633681	0.64541757	0.568642058
13414.47.midgut	0.462927233	0.68425287	0.42646945	0.445143234	0.664928818	0.39928298	0.570604203	0.385436177	0.74108678	0.403242424	0.638790881	0.942068295	0.653426401	0.413559074	0.647063258	0.549700926	0.366726454	0.484851434	0.48389044	0.525009295	0.56248488	0.527445523	0.513034036	0.506097678	0.647451546	0.519073967	0.383225366	0.583733149	0.763502544	0.465067491	0.418405553	0.591761754	0.584835012	0	0.583691856	0.565966702	0.483415889	0.452620483	0.433728131	0.47081705	0.390993909	0.456160548	0.414142513	0.641394469	0.568492279	0.494546937	0.531364089	0.490790342	0.603350496	0.465240312	0.429028265	0.93357578	0.36488714	0.45233339	0.465828783	0.920197643	0.464624664	0.513471224	0.460533697	0.506727342	0.528087988	0.407258435	0.423711863	0.42984383	0.477942886	0.441745677	0.489153038	0.400036853	0.606442485	0.405421242	0.491690792	0.464456837	0.49125057	0.480032773	0.407131782	0.524291308	0.48520277	0.54313798	0.407122685	0.803191317	0.674627029	0.603609077	0.817010881	0.526456694	0.644176488	0.559884805	0.41994947	0.923047582	0.511968294	0.64101603	0.667358234	0.486891637
13414.30.midgut	0.537484348	0.526552167	0.548494378	0.554182887	0.527246892	0.582722262	0.722130227	0.592541809	0.683795749	0.464865357	0.66802845	0.847479539	0.67715672	0.611218141	0.787530686	0.469935292	0.607515003	0.538812802	0.624443415	0.666617208	0.668034107	0.669835787	0.553649212	0.555243011	0.79639333	0.641647356	0.569552086	0.69146067	0.930191963	0.556313674	0.603970162	0.661563196	0.721219159	0.583691856	0	0.67833269	0.635871453	0.588598997	0.502505917	0.618973176	0.610597693	0.580788517	0.593822144	0.739236403	0.564733272	0.573745697	0.683735505	0.570305231	0.739629267	0.572976599	0.577812313	0.840472232	0.59417784	0.634969872	0.401850199	0.826668277	0.567883513	0.52938475	0.616339612	0.641058986	0.703185328	0.59806586	0.613807789	0.578268591	0.620596021	0.57694787	0.64067617	0.571650155	0.765767816	0.61164038	0.415317126	0.579294915	0.672049303	0.620267832	0.632876996	0.69720047	0.62906305	0.516260338	0.572255805	0.730080889	0.817930576	0.755507604	0.742903331	0.566390614	0.787571783	0.493848291	0.565674305	0.831128167	0.560876099	0.7462257	0.759921547	0.621289996
